X: 1 0 0 Y: 0 1 0 Cross: 0 0 1 Dot: 0
X: 0.5 0 0.866025 Y: 0.852869 0.173648 -0.492404 Cross: -0.150384 0.984808 0.0868241 Dot: 0
X: 0.5 0 0.866025 Y: 0.852869 0.173648 -0.492404 Cross: -0.150384 0.984808 0.0868241 Dot: 0
X: 0.5 0 0.866025 Y: 0.852869 0.173648 -0.492404 Cross: -0.150384 0.984808 0.0868241 Dot: 0
X: 0.5 0 0.866025 Y: 0.852869 0.173648 -0.492404 Cross: -0.150384 0.984808 0.0868241 Dot: 0
X: 0.5 0 0.866025 Y: 0.852869 0.173648 -0.492404 Cross: -0.150384 0.984808 0.0868241 Dot: 0
X: 0.5 0 0.866025 Y: 0.852869 0.173648 -0.492404 Cross: -0.150384 0.984808 0.0868241 Dot: 0
X: 0.5 0 0.866025 Y: 0.852869 0.173648 -0.492404 Cross: -0.150384 0.984808 0.0868241 Dot: 0
X: 0.5 0 0.866025 Y: 0.852869 0.173648 -0.492404 Cross: -0.150384 0.984808 0.0868241 Dot: 0
X: 0.5 0 0.866025 Y: 0.852869 0.173648 -0.492404 Cross: -0.150384 0.984808 0.0868241 Dot: 0
X: 0.5 0 0.866025 Y: 0.852869 0.173648 -0.492404 Cross: -0.150384 0.984808 0.0868241 Dot: 0
X: 0.5 0 0.866025 Y: 0.852869 0.173648 -0.492404 Cross: -0.150384 0.984808 0.0868241 Dot: 0
X: 0.5 0 0.866025 Y: 0.852869 0.173648 -0.492404 Cross: -0.150384 0.984808 0.0868241 Dot: 0
X: 0.5 0 0.866025 Y: 0.852869 0.173648 -0.492404 Cross: -0.150384 0.984808 0.0868241 Dot: 0
X: 0.5 0 0.866025 Y: 0.852869 0.173648 -0.492404 Cross: -0.150384 0.984808 0.0868241 Dot: 0
X: 0.5 0 0.866025 Y: 0.852869 0.173648 -0.492404 Cross: -0.150384 0.984808 0.0868241 Dot: 0
X: 0.5 0 0.866025 Y: 0.852869 0.173648 -0.492404 Cross: -0.150384 0.984808 0.0868241 Dot: 0
X: 0.5 0 0.866025 Y: 0.852869 0.173648 -0.492404 Cross: -0.150384 0.984808 0.0868241 Dot: 0
X: 0.5 0 0.866025 Y: 0.852869 0.173648 -0.492404 Cross: -0.150384 0.984808 0.0868241 Dot: 0
X: 0.5 0 0.866025 Y: 0.852869 0.173648 -0.492404 Cross: -0.150384 0.984808 0.0868241 Dot: 0
X: 0.5 0 0.866025 Y: 0.852869 0.173648 -0.492404 Cross: -0.150384 0.984808 0.0868241 Dot: 0
X: 0.5 0 0.866025 Y: 0.852869 0.173648 -0.492404 Cross: -0.150384 0.984808 0.0868241 Dot: 0
X: 0.5 0 0.866025 Y: 0.852869 0.173648 -0.492404 Cross: -0.150384 0.984808 0.0868241 Dot: 0
X: 0.5 0 0.866025 Y: 0.852869 0.173648 -0.492404 Cross: -0.150384 0.984808 0.0868241 Dot: 0
X: 0.5 0 0.866025 Y: 0.852869 0.173648 -0.492404 Cross: -0.150384 0.984808 0.0868241 Dot: 0
X: 0.5 0 0.866025 Y: 0.852869 0.173648 -0.492404 Cross: -0.150384 0.984808 0.0868241 Dot: 0
X: 0.5 0 0.866025 Y: 0.852869 0.173648 -0.492404 Cross: -0.150384 0.984808 0.0868241 Dot: 0
X: 0.5 0 0.866025 Y: 0.852869 0.173648 -0.492404 Cross: -0.150384 0.984808 0.0868241 Dot: 0
X: 0.5 0 0.866025 Y: 0.852869 0.173648 -0.492404 Cross: -0.150384 0.984808 0.0868241 Dot: 0
X: 0.5 0 0.866025 Y: 0.852869 0.173648 -0.492404 Cross: -0.150384 0.984808 0.0868241 Dot: 0
X: 0.5 0 0.866025 Y: 0.852869 0.173648 -0.492404 Cross: -0.150384 0.984808 0.0868241 Dot: 0
X: 0.5 0 0.866025 Y: 0.852869 0.173648 -0.492404 Cross: -0.150384 0.984808 0.0868241 Dot: 0
X: 0.5 0 0.866025 Y: 0.852869 0.173648 -0.492404 Cross: -0.150384 0.984808 0.0868241 Dot: 0
X: 0.5 0 0.866025 Y: 0.852869 0.173648 -0.492404 Cross: -0.150384 0.984808 0.0868241 Dot: 0
X: 0.5 0 0.866025 Y: 0.852869 0.173648 -0.492404 Cross: -0.150384 0.984808 0.0868241 Dot: 0
X: 0.5 0 0.866025 Y: 0.852869 0.173648 -0.492404 Cross: -0.150384 0.984808 0.0868241 Dot: 0
X: 0.5 0 0.866025 Y: 0.852869 0.173648 -0.492404 Cross: -0.150384 0.984808 0.0868241 Dot: 0
X: 0.5 0 0.866025 Y: 0.852869 0.173648 -0.492404 Cross: -0.150384 0.984808 0.0868241 Dot: 0
X: 0.5 0 0.866025 Y: 0.852869 0.173648 -0.492404 Cross: -0.150384 0.984808 0.0868241 Dot: 0
X: 0.5 0 0.866025 Y: 0.852869 0.173648 -0.492404 Cross: -0.150384 0.984808 0.0868241 Dot: 0
X: 0.5 0 0.866025 Y: 0.852869 0.173648 -0.492404 Cross: -0.150384 0.984808 0.0868241 Dot: 0
X: 0.5 0 0.866025 Y: 0.852869 0.173648 -0.492404 Cross: -0.150384 0.984808 0.0868241 Dot: 0
X: 0.5 0 0.866025 Y: 0.852869 0.173648 -0.492404 Cross: -0.150384 0.984808 0.0868241 Dot: 0
X: 0.5 0 0.866025 Y: 0.852869 0.173648 -0.492404 Cross: -0.150384 0.984808 0.0868241 Dot: 0
X: 0.5 0 0.866025 Y: 0.852869 0.173648 -0.492404 Cross: -0.150384 0.984808 0.0868241 Dot: 0
X: 0.5 0 0.866025 Y: 0.852869 0.173648 -0.492404 Cross: -0.150384 0.984808 0.0868241 Dot: 0
X: 0.5 0 0.866025 Y: 0.852869 0.173648 -0.492404 Cross: -0.150384 0.984808 0.0868241 Dot: 0
X: 0.5 0 0.866025 Y: 0.852869 0.173648 -0.492404 Cross: -0.150384 0.984808 0.0868241 Dot: 0
X: 0.5 0 0.866025 Y: 0.852869 0.173648 -0.492404 Cross: -0.150384 0.984808 0.0868241 Dot: 0
X: 0.5 0 0.866025 Y: 0.852869 0.173648 -0.492404 Cross: -0.150384 0.984808 0.0868241 Dot: 0
X: 0.5 0 0.866025 Y: 0.852869 0.173648 -0.492404 Cross: -0.150384 0.984808 0.0868241 Dot: 0
X: 0.5 0 0.866025 Y: 0.852869 0.173648 -0.492404 Cross: -0.150384 0.984808 0.0868241 Dot: 0
X: 0.5 0 0.866025 Y: 0.852869 0.173648 -0.492404 Cross: -0.150384 0.984808 0.0868241 Dot: 0
X: 0.5 0 0.866025 Y: 0.852869 0.173648 -0.492404 Cross: -0.150384 0.984808 0.0868241 Dot: 0
X: 0.5 0 0.866025 Y: 0.852869 0.173648 -0.492404 Cross: -0.150384 0.984808 0.0868241 Dot: 0
X: 0.5 0 0.866025 Y: 0.852869 0.173648 -0.492404 Cross: -0.150384 0.984808 0.0868241 Dot: 0
X: 0.5 0 0.866025 Y: 0.852869 0.173648 -0.492404 Cross: -0.150384 0.984808 0.0868241 Dot: 0
X: 0.5 0 0.866025 Y: 0.852869 0.173648 -0.492404 Cross: -0.150384 0.984808 0.0868241 Dot: 0
X: 0.5 0 0.866025 Y: 0.852869 0.173648 -0.492404 Cross: -0.150384 0.984808 0.0868241 Dot: 0
X: 0.5 0 0.866025 Y: 0.852869 0.173648 -0.492404 Cross: -0.150384 0.984808 0.0868241 Dot: 0
X: 0.5 0 0.866025 Y: 0.852869 0.173648 -0.492404 Cross: -0.150384 0.984808 0.0868241 Dot: 0
X: 0.5 0 0.866025 Y: 0.852869 0.173648 -0.492404 Cross: -0.150384 0.984808 0.0868241 Dot: 0
X: 0.5 0 0.866025 Y: 0.852869 0.173648 -0.492404 Cross: -0.150384 0.984808 0.0868241 Dot: 0
X: 0.5 0 0.866025 Y: 0.852869 0.173648 -0.492404 Cross: -0.150384 0.984808 0.0868241 Dot: 0
X: 0.5 0 0.866025 Y: 0.852869 0.173648 -0.492404 Cross: -0.150384 0.984808 0.0868241 Dot: 0
X: 0.5 0 0.866025 Y: 0.852869 0.173648 -0.492404 Cross: -0.150384 0.984808 0.0868241 Dot: 0
X: 0.5 0 0.866025 Y: 0.852869 0.173648 -0.492404 Cross: -0.150384 0.984808 0.0868241 Dot: 0
X: 0.5 0 0.866025 Y: 0.852869 0.173648 -0.492404 Cross: -0.150384 0.984808 0.0868241 Dot: 0
X: 0.5 0 0.866025 Y: 0.852869 0.173648 -0.492404 Cross: -0.150384 0.984808 0.0868241 Dot: 0
X: 0.5 0 0.866025 Y: 0.852869 0.173648 -0.492404 Cross: -0.150384 0.984808 0.0868241 Dot: 0
X: 0.5 0 0.866025 Y: 0.852869 0.173648 -0.492404 Cross: -0.150384 0.984808 0.0868241 Dot: 0
X: 0.5 0 0.866025 Y: 0.852869 0.173648 -0.492404 Cross: -0.150384 0.984808 0.0868241 Dot: 0
X: 0.5 0 0.866025 Y: 0.852869 0.173648 -0.492404 Cross: -0.150384 0.984808 0.0868241 Dot: 0
X: 0.5 0 0.866025 Y: 0.852869 0.173648 -0.492404 Cross: -0.150384 0.984808 0.0868241 Dot: 0
X: 0.5 0 0.866025 Y: 0.852869 0.173648 -0.492404 Cross: -0.150384 0.984808 0.0868241 Dot: 0
X: 0.5 0 0.866025 Y: 0.852869 0.173648 -0.492404 Cross: -0.150384 0.984808 0.0868241 Dot: 0
X: 0.5 0 0.866025 Y: 0.852869 0.173648 -0.492404 Cross: -0.150384 0.984808 0.0868241 Dot: 0
X: 0.5 0 0.866025 Y: 0.852869 0.173648 -0.492404 Cross: -0.150384 0.984808 0.0868241 Dot: 0
X: 0.5 0 0.866025 Y: 0.852869 0.173648 -0.492404 Cross: -0.150384 0.984808 0.0868241 Dot: 0
X: 0.5 0 0.866025 Y: 0.852869 0.173648 -0.492404 Cross: -0.150384 0.984808 0.0868241 Dot: 0
X: 0.5 0 0.866025 Y: 0.852869 0.173648 -0.492404 Cross: -0.150384 0.984808 0.0868241 Dot: 0
X: 0.5 0 0.866025 Y: 0.852869 0.173648 -0.492404 Cross: -0.150384 0.984808 0.0868241 Dot: 0
X: 0.5 0 0.866025 Y: 0.852869 0.173648 -0.492404 Cross: -0.150384 0.984808 0.0868241 Dot: 0
X: 0.5 0 0.866025 Y: 0.852869 0.173648 -0.492404 Cross: -0.150384 0.984808 0.0868241 Dot: 0
X: 0.5 0 0.866025 Y: 0.852869 0.173648 -0.492404 Cross: -0.150384 0.984808 0.0868241 Dot: 0
X: 0.5 0 0.866025 Y: 0.852869 0.173648 -0.492404 Cross: -0.150384 0.984808 0.0868241 Dot: 0
X: 0.5 0 0.866025 Y: 0.852869 0.173648 -0.492404 Cross: -0.150384 0.984808 0.0868241 Dot: 0
X: 0.5 0 0.866025 Y: 0.852869 0.173648 -0.492404 Cross: -0.150384 0.984808 0.0868241 Dot: 0
X: 0.5 0 0.866025 Y: 0.852605 0.175367 -0.492252 Cross: -0.151872 0.984503 0.0876834 Dot: -2.98023e-08
X: 0.5 0 0.866025 Y: 0.851798 0.180519 -0.491786 Cross: -0.156334 0.983571 0.0902596 Dot: -5.96046e-08
X: 0.5 0 0.866025 Y: 0.850401 0.189096 -0.490979 Cross: -0.163762 0.981959 0.0945477 Dot: -2.98023e-08
X: 0.500285 -0.00171384 0.865859 Y: 0.848649 0.199368 -0.489946 Cross: -0.171785 0.979923 0.101195 Dot: -2.98023e-08
X: 0.500882 -0.0051344 0.865501 Y: 0.846508 0.211325 -0.488637 Cross: -0.180393 0.977402 0.110195 Dot: 2.98023e-08
X: 0.501196 -0.00684028 0.865307 Y: 0.844252 0.22325 -0.487236 Cross: -0.189847 0.974737 0.117667 Dot: 0
X: 0.501855 -0.0102427 0.864891 Y: 0.841543 0.236837 -0.485503 Cross: -0.199865 0.971495 0.127478 Dot: 0
X: 0.50255 -0.0136338 0.864441 Y: 0.838695 0.250378 -0.483634 Cross: -0.209843 0.968052 0.137262 Dot: 2.98023e-08
X: 0.503279 -0.0170128 0.863956 Y: 0.835323 0.265551 -0.481371 Cross: -0.221235 0.963947 0.147858 Dot: -2.98023e-08
X: 0.503665 -0.0186952 0.863697 Y: 0.831759 0.280659 -0.478965 Cross: -0.23345 0.959625 0.156908 Dot: -2.98023e-08
X: 0.504071 -0.0203701 0.863422 Y: 0.828003 0.295697 -0.476418 Cross: -0.245607 0.955065 0.165919 Dot: 2.98023e-08
X: 0.504499 -0.0220369 0.863131 Y: 0.823606 0.31232 -0.473423 Cross: -0.25914 0.949722 0.175715 Dot: 0
X: 0.505401 -0.0253519 0.862512 Y: 0.818989 0.328846 -0.470232 Cross: -0.271712 0.944044 0.186962 Dot: 0
X: 0.506346 -0.0286471 0.861854 Y: 0.814648 0.343632 -0.46719 Cross: -0.282777 0.938668 0.197334 Dot: 0
X: 0.50733 -0.0319235 0.86116 Y: 0.810645 0.356703 -0.464347 Cross: -0.292355 0.933673 0.206845 Dot: 0
X: 0.50784 -0.033553 0.860798 Y: 0.807024 0.368082 -0.461767 Cross: -0.301351 0.929188 0.214005 Dot: -2.98023e-08
X: 0.508365 -0.0351747 0.860423 Y: 0.803833 0.377792 -0.459485 Cross: -0.308898 0.925223 0.220331 Dot: -5.96046e-08
X: 0.50944 -0.0384041 0.859649 Y: 0.801669 0.384241 -0.457915 Cross: -0.312726 0.922434 0.226535 Dot: -5.96046e-08
X: 0.510528 -0.0416238 0.858853 Y: 0.800579 0.387458 -0.457111 Cross: -0.313743 0.920948 0.231131 Dot: 0
X: 0.511075 -0.0432311 0.858448 Y: 0.799482 0.39067 -0.456296 Cross: -0.315644 0.919515 0.234224 Dot: 8.9407e-08
X: 0.511625 -0.0448359 0.858038 Y: 0.797265 0.397079 -0.454639 Cross: -0.320325 0.916689 0.238902 Dot: 8.9407e-08
X: 0.512184 -0.0464357 0.85762 Y: 0.795582 0.401873 -0.453374 Cross: -0.323601 0.914517 0.242776 Dot: 5.96046e-08
X: 0.512748 -0.0480318 0.857195 Y: 0.794451 0.405063 -0.452519 Cross: -0.325482 0.913027 0.245854 Dot: 2.98023e-08
X: 0.513315 -0.0496252 0.856764 Y: 0.793313 0.408247 -0.451653 Cross: -0.327358 0.911522 0.248928 Dot: 0
X: 0.513315 -0.0496252 0.856764 Y: 0.792165 0.411426 -0.450781 Cross: -0.330125 0.910091 0.250503 Dot: 0
X: 0.513315 -0.0496252 0.856764 Y: 0.790426 0.416186 -0.449463 Cross: -0.334268 0.907925 0.252859 Dot: 2.98023e-08
X: 0.513897 -0.0512098 0.856321 Y: 0.788669 0.420934 -0.448125 Cross: -0.337506 0.905645 0.256704 Dot: 0
X: 0.513897 -0.0512098 0.856321 Y: 0.785694 0.428821 -0.445868 Cross: -0.344375 0.901937 0.260605 Dot: 0
X: 0.514498 -0.0527839 0.855865 Y: 0.782054 0.438241 -0.443099 Cross: -0.351687 0.897307 0.266754 Dot: 2.98023e-08
X: 0.515111 -0.0543499 0.855398 Y: 0.778338 0.447612 -0.440266 Cross: -0.358959 0.892575 0.272873 Dot: 2.98023e-08
X: 0.515736 -0.0559076 0.854921 Y: 0.775819 0.453832 -0.43834 Cross: -0.363484 0.889332 0.277432 Dot: 5.96046e-08
X: 0.51637 -0.0574597 0.854435 Y: 0.774549 0.456933 -0.437363 Cross: -0.365289 0.887643 0.280452 Dot: 5.96046e-08
X: 0.517007 -0.0590089 0.853945 Y: 0.773272 0.460029 -0.436376 Cross: -0.367089 0.885941 0.283468 Dot: 8.9407e-08
X: 0.517647 -0.060555 0.853448 Y: 0.771989 0.463118 -0.435379 Cross: -0.368883 0.884226 0.286479 Dot: 1.19209e-07
X: 0.51829 -0.0620982 0.852947 Y: 0.769402 0.469279 -0.433358 Cross: -0.373359 0.880864 0.291001 Dot: 5.96046e-08
X: 0.518941 -0.0636355 0.852438 Y: 0.766783 0.475416 -0.431306 Cross: -0.377817 0.877457 0.295507 Dot: 5.96046e-08
X: 0.518941 -0.0636355 0.852438 Y: 0.762784 0.484579 -0.428187 Cross: -0.385825 0.87243 0.300008 Dot: 5.96046e-08
X: 0.519613 -0.0651581 0.851913 Y: 0.757336 0.496711 -0.423936 Cross: -0.395532 0.865467 0.307444 Dot: 5.96046e-08
X: 0.520303 -0.0666685 0.851375 Y: 0.750333 0.511738 -0.41848 Cross: -0.407782 0.856551 0.316282 Dot: 8.9407e-08
X: 0.521723 -0.069658 0.850266 Y: 0.74093 0.531034 -0.411129 Cross: -0.422881 0.844483 0.328664 Dot: 1.49012e-07
X: 0.523196 -0.0726054 0.849113 Y: 0.728112 0.555845 -0.40111 Cross: -0.442853 0.828109 0.343681 Dot: 8.9407e-08
X: 0.524739 -0.0754956 0.847909 Y: 0.714708 0.58016 -0.39065 Cross: -0.46243 0.810996 0.35839 Dot: 5.96046e-08
X: 0.52635 -0.078326 0.846652 Y: 0.698198 0.608101 -0.377801 Cross: -0.485258 0.789987 0.374761 Dot: 2.98023e-08
X: 0.529724 -0.0838392 0.844015 Y: 0.678309 0.639292 -0.36222 Cross: -0.509204 0.764381 0.395517 Dot: 0
X: 0.532383 -0.0878403 0.841933 Y: 0.650876 0.678396 -0.340793 Cross: -0.541229 0.729426 0.41834 Dot: -2.98023e-08
X: 0.534269 -0.090386 0.840468 Y: 0.620755 0.716833 -0.317512 Cross: -0.573777 0.691361 0.43909 Dot: 0
X: 0.536269 -0.0927987 0.83893 Y: 0.588918 0.753155 -0.293143 Cross: -0.604641 0.651265 0.458544 Dot: -4.47035e-08
X: 0.540477 -0.0973431 0.835708 Y: 0.557764 0.785106 -0.269273 Cross: -0.629908 0.611664 0.478626 Dot: -2.98023e-08
X: 0.543768 -0.100544 0.833191 Y: 0.527605 0.813024 -0.246222 Cross: -0.652647 0.573483 0.495144 Dot: -2.98023e-08
X: 0.546043 -0.102546 0.831457 Y: 0.495187 0.84005 -0.221598 Cross: -0.675742 0.532729 0.509483 Dot: 0
X: 0.553089 -0.108119 0.826076 Y: 0.464284 0.863302 -0.197865 Cross: -0.69176 0.492971 0.52768 Dot: -1.49012e-08
X: 0.556703 -0.110698 0.823302 Y: 0.43008 0.886324 -0.171641 Cross: -0.710712 0.449638 0.541029 Dot: -4.47035e-08
X: 0.562884 -0.114618 0.818549 Y: 0.401407 0.903616 -0.149502 Cross: -0.722519 0.412724 0.55464 Dot: -8.19564e-08
X: 0.565403 -0.116058 0.816608 Y: 0.3875 0.911365 -0.138772 Cross: -0.728123 0.394898 0.560261 Dot: -8.19564e-08
X: 0.566673 -0.116747 0.815629 Y: 0.38496 0.912737 -0.136811 Cross: -0.728483 0.391512 0.562166 Dot: -7.45058e-08
X: 0.566673 -0.116747 0.815629 Y: 0.38496 0.912737 -0.136811 Cross: -0.728483 0.391512 0.562166 Dot: -7.45058e-08
X: 0.566673 -0.116747 0.815629 Y: 0.38496 0.912737 -0.136811 Cross: -0.728483 0.391512 0.562166 Dot: -7.45058e-08
X: 0.566673 -0.116747 0.815629 Y: 0.38496 0.912737 -0.136811 Cross: -0.728483 0.391512 0.562166 Dot: -7.45058e-08
X: 0.566673 -0.116747 0.815629 Y: 0.38496 0.912737 -0.136811 Cross: -0.728483 0.391512 0.562166 Dot: -7.45058e-08
X: 0.566673 -0.116747 0.815629 Y: 0.38496 0.912737 -0.136811 Cross: -0.728483 0.391512 0.562166 Dot: -7.45058e-08
X: 0.566673 -0.116747 0.815629 Y: 0.38496 0.912737 -0.136811 Cross: -0.728483 0.391512 0.562166 Dot: -7.45058e-08
X: 0.566673 -0.116747 0.815629 Y: 0.38496 0.912737 -0.136811 Cross: -0.728483 0.391512 0.562166 Dot: -7.45058e-08
X: 0.566673 -0.116747 0.815629 Y: 0.38496 0.912737 -0.136811 Cross: -0.728483 0.391512 0.562166 Dot: -7.45058e-08
X: 0.566673 -0.116747 0.815629 Y: 0.38496 0.912737 -0.136811 Cross: -0.728483 0.391512 0.562166 Dot: -7.45058e-08
X: 0.566673 -0.116747 0.815629 Y: 0.38496 0.912737 -0.136811 Cross: -0.728483 0.391512 0.562166 Dot: -7.45058e-08
X: 0.566673 -0.116747 0.815629 Y: 0.38496 0.912737 -0.136811 Cross: -0.728483 0.391512 0.562166 Dot: -7.45058e-08
X: 0.566673 -0.116747 0.815629 Y: 0.38496 0.912737 -0.136811 Cross: -0.728483 0.391512 0.562166 Dot: -7.45058e-08
X: 0.566673 -0.116747 0.815629 Y: 0.38496 0.912737 -0.136811 Cross: -0.728483 0.391512 0.562166 Dot: -7.45058e-08
X: 0.566673 -0.116747 0.815629 Y: 0.38496 0.912737 -0.136811 Cross: -0.728483 0.391512 0.562166 Dot: -7.45058e-08
X: 0.566673 -0.116747 0.815629 Y: 0.38496 0.912737 -0.136811 Cross: -0.728483 0.391512 0.562166 Dot: -7.45058e-08
X: 0.566673 -0.116747 0.815629 Y: 0.38496 0.912737 -0.136811 Cross: -0.728483 0.391512 0.562166 Dot: -7.45058e-08
X: 0.566673 -0.116747 0.815629 Y: 0.383688 0.913419 -0.13583 Cross: -0.729154 0.389918 0.562404 Dot: -6.70552e-08
X: 0.567945 -0.117427 0.814646 Y: 0.384958 0.912737 -0.136813 Cross: -0.727493 0.391307 0.563589 Dot: -2.23517e-08
X: 0.567945 -0.117427 0.814646 Y: 0.384958 0.912737 -0.136813 Cross: -0.727493 0.391307 0.563589 Dot: -2.23517e-08
X: 0.567945 -0.117427 0.814646 Y: 0.384958 0.912737 -0.136813 Cross: -0.727493 0.391307 0.563589 Dot: -2.23517e-08
X: 0.567945 -0.117427 0.814646 Y: 0.384958 0.912737 -0.136813 Cross: -0.727493 0.391307 0.563589 Dot: -2.23517e-08
X: 0.566674 -0.116744 0.815629 Y: 0.383686 0.913419 -0.135832 Cross: -0.729153 0.389918 0.562404 Dot: -2.23517e-08
X: 0.564125 -0.115382 0.817587 Y: 0.381132 0.914776 -0.133878 Cross: -0.732462 0.387132 0.560024 Dot: -1.49012e-08
X: 0.562846 -0.114707 0.818563 Y: 0.378569 0.916123 -0.131927 Cross: -0.734771 0.384137 0.55906 Dot: 7.45058e-09
X: 0.561563 -0.114036 0.819538 Y: 0.378569 0.916123 -0.131927 Cross: -0.735752 0.384337 0.557631 Dot: 1.49012e-08
X: 0.561563 -0.114036 0.819538 Y: 0.378569 0.916123 -0.131927 Cross: -0.735752 0.384337 0.557631 Dot: 1.49012e-08
X: 0.560278 -0.113365 0.82051 Y: 0.378569 0.916123 -0.131927 Cross: -0.736731 0.384535 0.5562 Dot: -7.45058e-09
X: 0.558991 -0.112694 0.821479 Y: 0.378569 0.916123 -0.131927 Cross: -0.737708 0.384733 0.554767 Dot: 1.49012e-08
X: 0.558991 -0.112694 0.821479 Y: 0.375992 0.91746 -0.12999 Cross: -0.739025 0.381533 0.555224 Dot: 7.45058e-09
X: 0.558991 -0.112694 0.821479 Y: 0.37341 0.918786 -0.128051 Cross: -0.740333 0.378328 0.555674 Dot: 2.23517e-08
X: 0.558991 -0.112694 0.821479 Y: 0.372117 0.919445 -0.127081 Cross: -0.740984 0.376724 0.555897 Dot: 7.45058e-09
X: 0.558991 -0.112694 0.821479 Y: 0.369528 0.920754 -0.12514 Cross: -0.742278 0.373512 0.556337 Dot: 7.45058e-09
X: 0.560286 -0.113345 0.820507 Y: 0.366938 0.922052 -0.123192 Cross: -0.742587 0.370098 0.558203 Dot: 2.98023e-08
X: 0.561581 -0.113991 0.819531 Y: 0.36305 0.923976 -0.12026 Cross: -0.743519 0.365067 0.560272 Dot: 5.21541e-08
X: 0.564173 -0.115265 0.817571 Y: 0.357864 0.926499 -0.116326 Cross: -0.74407 0.358207 0.563955 Dot: 3.72529e-08
X: 0.566767 -0.116514 0.815597 Y: 0.350074 0.930195 -0.110384 Cross: -0.745803 0.348081 0.567993 Dot: 3.72529e-08
X: 0.569367 -0.117729 0.813609 Y: 0.342265 0.933785 -0.1044 Cross: -0.747445 0.337912 0.571961 Dot: 5.96046e-08
X: 0.571972 -0.118908 0.811608 Y: 0.33444 0.937268 -0.0983755 Cross: -0.748997 0.327703 0.575859 Dot: 6.70552e-08
X: 0.574583 -0.120051 0.809593 Y: 0.327909 0.940089 -0.0933218 Cross: -0.749886 0.319094 0.579525 Dot: 3.72529e-08
X: 0.577197 -0.121164 0.807565 Y: 0.323989 0.941744 -0.0902714 Cross: -0.749582 0.313746 0.582828 Dot: 5.96046e-08
X: 0.57981 -0.122258 0.805526 Y: 0.321377 0.942832 -0.0882266 Cross: -0.748689 0.310032 0.585955 Dot: 4.47035e-08
X: 0.58242 -0.12334 0.803475 Y: 0.318769 0.943907 -0.0861709 Cross: -0.747778 0.306311 0.589068 Dot: 5.21541e-08
X: 0.586328 -0.124942 0.80038 Y: 0.316167 0.944969 -0.0840995 Cross: -0.745826 0.302364 0.593564 Dot: 4.47035e-08
X: 0.594106 -0.128101 0.79412 Y: 0.313584 0.946014 -0.0819979 Cross: -0.740745 0.297739 0.602203 Dot: 5.96046e-08
X: 0.60183 -0.131212 0.787771 Y: 0.311018 0.947042 -0.0798664 Cross: -0.735573 0.293077 0.610768 Dot: 5.21541e-08
X: 0.6095 -0.134274 0.781332 Y: 0.308471 0.948055 -0.0777052 Cross: -0.730312 0.288379 0.619259 Dot: 5.58794e-08
X: 0.618376 -0.137787 0.773708 Y: 0.305946 0.94905 -0.07551 Cross: -0.723883 0.283406 0.629026 Dot: 5.58794e-08
X: 0.628423 -0.141731 0.76485 Y: 0.302197 0.950511 -0.0721591 Cross: -0.716771 0.276482 0.640153 Dot: 4.09782e-08
X: 0.63837 -0.145577 0.755838 Y: 0.297247 0.952404 -0.0676142 Cross: -0.710019 0.267833 0.651258 Dot: 4.47035e-08
X: 0.649443 -0.149766 0.745515 Y: 0.291128 0.954684 -0.0618255 Cross: -0.702472 0.257192 0.663615 Dot: 4.09782e-08
X: 0.660397 -0.153787 0.734999 Y: 0.28265 0.957726 -0.0535714 Cross: -0.695689 0.243126 0.675948 Dot: 3.72529e-08
X: 0.672438 -0.158007 0.72309 Y: 0.273071 0.960989 -0.0439508 Cross: -0.687938 0.227009 0.689353 Dot: 0
X: 0.681978 -0.161161 0.713395 Y: 0.265952 0.963291 -0.0366246 Cross: -0.681304 0.214706 0.699804 Dot: -2.04891e-08
X: 0.691424 -0.164143 0.703555 Y: 0.258903 0.965462 -0.0291908 Cross: -0.674464 0.202336 0.710041 Dot: -2.6077e-08
X: 0.700773 -0.166952 0.693572 Y: 0.254256 0.966835 -0.0241651 Cross: -0.666536 0.193279 0.719981 Dot: -3.72529e-09
X: 0.710011 -0.169635 0.683452 Y: 0.251962 0.967496 -0.0216182 Cross: -0.65757 0.187553 0.729674 Dot: -1.30385e-08
X: 0.721379 -0.172882 0.670614 Y: 0.246323 0.96907 -0.0151467 Cross: -0.647253 0.176114 0.741652 Dot: 1.95578e-08
X: 0.733672 -0.176231 0.656252 Y: 0.239678 0.970826 -0.00724604 Cross: -0.635829 0.162605 0.754506 Dot: -1.86265e-09
X: 0.743569 -0.178764 0.64432 Y: 0.233128 0.972446 0.000762355 Cross: -0.626703 0.149642 0.764755 Dot: 1.35624e-08
X: 0.752246 -0.180835 0.63358 Y: 0.226662 0.973933 0.00886409 Cross: -0.618667 0.13694 0.773626 Dot: 2.468e-08
X: 0.758684 -0.18226 0.625444 Y: 0.220254 0.975294 0.0170339 Cross: -0.613096 0.124833 0.780083 Dot: 3.72529e-09
X: 0.760819 -0.182694 0.622717 Y: 0.213849 0.976541 0.0252246 Cross: -0.612717 0.113976 0.78204 Dot: 2.6077e-08
X: 0.762953 -0.183091 0.619983 Y: 0.207449 0.977674 0.0334353 Cross: -0.612263 0.103105 0.783902 Dot: 1.86265e-08
X: 0.764021 -0.183271 0.618614 Y: 0.20104 0.978697 0.0416537 Cross: -0.61307 0.0925421 0.78459 Dot: 5.58794e-09
X: 0.764021 -0.183271 0.618614 Y: 0.194609 0.979613 0.0498674 Cross: -0.615141 0.0822883 0.784111 Dot: 1.30385e-08
X: 0.764021 -0.183271 0.618614 Y: 0.188157 0.980421 0.0580757 Cross: -0.617146 0.0720255 0.783545 Dot: 7.45058e-09
X: 0.762942 -0.183145 0.619981 Y: 0.182753 0.981015 0.0649017 Cross: -0.620097 0.0637868 0.781928 Dot: 3.72529e-08
X: 0.760773 -0.182921 0.622706 Y: 0.178401 0.981441 0.0703439 Cross: -0.624017 0.0575754 0.779287 Dot: 2.23517e-08
X: 0.760773 -0.182921 0.622706 Y: 0.17404 0.981819 0.0757826 Cross: -0.625247 0.0507223 0.778777 Dot: 7.45058e-09
X: 0.759681 -0.182832 0.624065 Y: 0.172946 0.981906 0.0771398 Cross: -0.626876 0.0493279 0.777555 Dot: 2.23517e-08
X: 0.759681 -0.182832 0.624065 Y: 0.171852 0.981991 0.0784967 Cross: -0.627177 0.047614 0.777419 Dot: 2.23517e-08
X: 0.759681 -0.182832 0.624065 Y: 0.171852 0.981991 0.0784967 Cross: -0.627177 0.047614 0.777419 Dot: 2.23517e-08
X: 0.759681 -0.182832 0.624065 Y: 0.171852 0.981991 0.0784967 Cross: -0.627177 0.047614 0.777419 Dot: 2.23517e-08
X: 0.759681 -0.182832 0.624065 Y: 0.171852 0.981991 0.0784967 Cross: -0.627177 0.047614 0.777419 Dot: 2.23517e-08
X: 0.759681 -0.182832 0.624065 Y: 0.171852 0.981991 0.0784967 Cross: -0.627177 0.047614 0.777419 Dot: 2.23517e-08
X: 0.759681 -0.182832 0.624065 Y: 0.171852 0.981991 0.0784967 Cross: -0.627177 0.047614 0.777419 Dot: 2.23517e-08
X: 0.759681 -0.182832 0.624065 Y: 0.171852 0.981991 0.0784967 Cross: -0.627177 0.047614 0.777419 Dot: 2.23517e-08
X: 0.758585 -0.182749 0.62542 Y: 0.170754 0.982073 0.0798516 Cross: -0.628801 0.0462191 0.776191 Dot: 2.98023e-08
X: 0.758585 -0.182749 0.62542 Y: 0.170754 0.982073 0.0798516 Cross: -0.628801 0.0462191 0.776191 Dot: 2.98023e-08
X: 0.758585 -0.182749 0.62542 Y: 0.170754 0.982073 0.0798516 Cross: -0.628801 0.0462191 0.776191 Dot: 2.98023e-08
X: 0.758585 -0.182749 0.62542 Y: 0.170754 0.982073 0.0798516 Cross: -0.628801 0.0462191 0.776191 Dot: 2.98023e-08
X: 0.756385 -0.182586 0.628126 Y: 0.169652 0.982153 0.0812023 Cross: -0.631742 0.0451426 0.773862 Dot: 3.72529e-08
X: 0.755282 -0.182507 0.629476 Y: 0.165228 0.982447 0.0865952 Cross: -0.634231 0.0386034 0.772179 Dot: 2.98023e-08
X: 0.754174 -0.182439 0.630823 Y: 0.159676 0.982749 0.0933208 Cross: -0.636966 0.0303471 0.770294 Dot: 5.21541e-08
X: 0.753061 -0.182386 0.632166 Y: 0.151866 0.98305 0.102711 Cross: -0.640184 0.0186569 0.767995 Dot: 6.70552e-08
X: 0.751942 -0.182353 0.633505 Y: 0.142895 0.983219 0.113408 Cross: -0.643555 0.00524785 0.765381 Dot: 6.70552e-08
X: 0.750818 -0.182344 0.63484 Y: 0.130488 0.983145 0.12806 Cross: -0.647491 -0.0133102 0.761956 Dot: 7.45058e-08
X: 0.748553 -0.182389 0.637496 Y: 0.112286 0.982408 0.149223 Cross: -0.653498 -0.0401197 0.755864 Dot: 7.45058e-08
X: 0.747411 -0.182459 0.638814 Y: 0.0928105 0.980795 0.171548 Cross: -0.657846 -0.0689281 0.749991 Dot: 7.45058e-08
X: 0.746262 -0.182579 0.640122 Y: 0.0732152 0.978328 0.193689 Cross: -0.661613 -0.0976758 0.743456 Dot: 8.19564e-08
X: 0.745106 -0.182749 0.641419 Y: 0.054677 0.975228 0.21434 Cross: -0.6647 -0.124636 0.736641 Dot: 1.04308e-07
X: 0.745106 -0.182749 0.641419 Y: 0.0360961 0.971368 0.234825 Cross: -0.665968 -0.151817 0.730369 Dot: 8.9407e-08
X: 0.743943 -0.183014 0.642693 Y: 0.0209483 0.96768 0.251309 Cross: -0.667914 -0.173496 0.723733 Dot: 8.9407e-08
X: 0.743943 -0.183014 0.642693 Y: 0.0057897 0.963495 0.267664 Cross: -0.668218 -0.195406 0.717845 Dot: 8.9407e-08
X: 0.743943 -0.183014 0.642693 Y: -0.00587319 0.959938 0.280152 Cross: -0.668217 -0.212191 0.713064 Dot: 5.96046e-08
X: 0.743943 -0.183014 0.642693 Y: -0.0175343 0.956089 0.292554 Cross: -0.668013 -0.228912 0.708066 Dot: 4.47035e-08
X: 0.743943 -0.183014 0.642693 Y: -0.0303552 0.951518 0.306093 Cross: -0.667553 -0.247225 0.70232 Dot: 5.96046e-08
X: 0.743943 -0.183014 0.642693 Y: -0.0396728 0.947974 0.315869 Cross: -0.667064 -0.260486 0.697978 Dot: 4.47035e-08
X: 0.743943 -0.183014 0.642693 Y: -0.0513086 0.943283 0.328002 Cross: -0.66627 -0.27699 0.692359 Dot: 2.98023e-08
X: 0.743943 -0.183014 0.642693 Y: -0.0640898 0.937792 0.341233 Cross: -0.665163 -0.295048 0.685934 Dot: 2.98023e-08
X: 0.743943 -0.183014 0.642693 Y: -0.0780059 0.931407 0.355523 Cross: -0.663674 -0.314623 0.678638 Dot: 1.49012e-08
X: 0.742783 -0.183563 0.643876 Y: -0.0919149 0.924621 0.369634 Cross: -0.663192 -0.33374 0.669921 Dot: 0
X: 0.741625 -0.184145 0.645045 Y: -0.106967 0.916818 0.384712 Cross: -0.662231 -0.35431 0.660238 Dot: 0
X: 0.739309 -0.185381 0.647345 Y: -0.120866 0.90921 0.398408 Cross: -0.66243 -0.372788 0.649781 Dot: 2.98023e-08
X: 0.738151 -0.186031 0.648478 Y: -0.13474 0.901211 0.411905 Cross: -0.661043 -0.391424 0.640164 Dot: 5.96046e-08
X: 0.738151 -0.186031 0.648478 Y: -0.148554 0.892816 0.425221 Cross: -0.658076 -0.410211 0.631397 Dot: 8.9407e-08
X: 0.738151 -0.186031 0.648478 Y: -0.157727 0.887001 0.433995 Cross: -0.655938 -0.422637 0.625399 Dot: 8.9407e-08
X: 0.737005 -0.186768 0.649569 Y: -0.164601 0.88253 0.440509 Cross: -0.655537 -0.431577 0.619687 Dot: 8.9407e-08
X: 0.737005 -0.186768 0.649569 Y: -0.168031 0.880258 0.443747 Cross: -0.654666 -0.436192 0.617372 Dot: 8.9407e-08
X: 0.735862 -0.187529 0.650645 Y: -0.17032 0.878732 0.445896 Cross: -0.655361 -0.438935 0.614685 Dot: 5.96046e-08
X: 0.735862 -0.187529 0.650645 Y: -0.17032 0.878732 0.445896 Cross: -0.655361 -0.438935 0.614685 Dot: 5.96046e-08
X: 0.735862 -0.187529 0.650645 Y: -0.17032 0.878732 0.445896 Cross: -0.655361 -0.438935 0.614685 Dot: 5.96046e-08
X: 0.734717 -0.188295 0.651717 Y: -0.171466 0.877965 0.446966 Cross: -0.656346 -0.44014 0.612769 Dot: 5.96046e-08
X: 0.734717 -0.188295 0.651717 Y: -0.172611 0.877195 0.448035 Cross: -0.656046 -0.441672 0.611988 Dot: 8.9407e-08
X: 0.734717 -0.188295 0.651717 Y: -0.172611 0.877195 0.448035 Cross: -0.656046 -0.441672 0.611988 Dot: 8.9407e-08
X: 0.734717 -0.188295 0.651717 Y: -0.172611 0.877195 0.448035 Cross: -0.656046 -0.441672 0.611988 Dot: 8.9407e-08
X: 0.734717 -0.188295 0.651717 Y: -0.172611 0.877195 0.448035 Cross: -0.656046 -0.441672 0.611988 Dot: 8.9407e-08
X: 0.733571 -0.189066 0.652784 Y: -0.172611 0.877195 0.448035 Cross: -0.657327 -0.441343 0.61085 Dot: 8.9407e-08
X: 0.733571 -0.189066 0.652784 Y: -0.172611 0.877195 0.448035 Cross: -0.657327 -0.441343 0.61085 Dot: 8.9407e-08
X: 0.733571 -0.189066 0.652784 Y: -0.172611 0.877195 0.448035 Cross: -0.657327 -0.441343 0.61085 Dot: 8.9407e-08
X: 0.733571 -0.189066 0.652784 Y: -0.172611 0.877195 0.448035 Cross: -0.657327 -0.441343 0.61085 Dot: 8.9407e-08
X: 0.733571 -0.189066 0.652784 Y: -0.172611 0.877195 0.448035 Cross: -0.657327 -0.441343 0.61085 Dot: 8.9407e-08
X: 0.732422 -0.189836 0.653849 Y: -0.17376 0.876424 0.449098 Cross: -0.658304 -0.442542 0.608927 Dot: 8.9407e-08
X: 0.732422 -0.189836 0.653849 Y: -0.177205 0.874095 0.45228 Cross: -0.657385 -0.447125 0.606567 Dot: 8.9407e-08
X: 0.732422 -0.189836 0.653849 Y: -0.184079 0.869365 0.458607 Cross: -0.655493 -0.456254 0.601797 Dot: 5.96046e-08
X: 0.732422 -0.189836 0.653849 Y: -0.193213 0.86291 0.466965 Cross: -0.65286 -0.468348 0.595336 Dot: 5.96046e-08
X: 0.733561 -0.189018 0.652809 Y: -0.203424 0.855442 0.476276 Cross: -0.648465 -0.482175 0.589068 Dot: 2.98023e-08
X: 0.733561 -0.189018 0.652809 Y: -0.215835 0.846027 0.487497 Cross: -0.64444 -0.498508 0.579816 Dot: 2.98023e-08
X: 0.733561 -0.189018 0.652809 Y: -0.229284 0.835402 0.499533 Cross: -0.639779 -0.516116 0.569479 Dot: 2.98023e-08
X: 0.733561 -0.189018 0.652809 Y: -0.24374 0.823477 0.512324 Cross: -0.634412 -0.534937 0.557999 Dot: 5.96046e-08
X: 0.734667 -0.188084 0.651834 Y: -0.261323 0.808211 0.527737 Cross: -0.626078 -0.55805 0.544615 Dot: 5.96046e-08
X: 0.736848 -0.186135 0.649929 Y: -0.280779 0.790263 0.544654 Cross: -0.614994 -0.583814 0.530041 Dot: 5.96046e-08
X: 0.73899 -0.184096 0.648075 Y: -0.304081 0.767244 0.564687 Cross: -0.601188 -0.614366 0.511006 Dot: 0
X: 0.741084 -0.18195 0.646288 Y: -0.325812 0.744193 0.583116 Cross: -0.587061 -0.642706 0.492228 Dot: 5.96046e-08
X: 0.743129 -0.179706 0.644565 Y: -0.348009 0.718948 0.601668 Cross: -0.571532 -0.671431 0.471732 Dot: 5.96046e-08
X: 0.745119 -0.177361 0.642915 Y: -0.366681 0.69627 0.617052 Cross: -0.557083 -0.695522 0.45377 Dot: 5.96046e-08
X: 0.747059 -0.174932 0.641327 Y: -0.383916 0.674061 0.631071 Cross: -0.542688 -0.717663 0.436404 Dot: 5.96046e-08
X: 0.748949 -0.172426 0.6398 Y: -0.400691 0.651167 0.644538 Cross: -0.527751 -0.739088 0.418601 Dot: 2.98023e-08
X: 0.751702 -0.168554 0.637599 Y: -0.415161 0.630251 0.656068 Cross: -0.51243 -0.757874 0.403784 Dot: 2.98023e-08
X: 0.753486 -0.165907 0.636186 Y: -0.425746 0.614229 0.664427 Cross: -0.500997 -0.77149 0.392179 Dot: 0
X: 0.75523 -0.163213 0.634813 Y: -0.433522 0.602026 0.67054 Cross: -0.491615 -0.781617 0.383912 Dot: 0
X: 0.756942 -0.160484 0.633469 Y: -0.440307 0.591047 0.675866 Cross: -0.482875 -0.790512 0.376726 Dot: -2.98023e-08
X: 0.758623 -0.157723 0.63215 Y: -0.446141 0.581338 0.680445 Cross: -0.474815 -0.798229 0.370649 Dot: 0
X: 0.758623 -0.157723 0.63215 Y: -0.449445 0.575751 0.683016 Cross: -0.471689 -0.802268 0.36589 Dot: 2.98023e-08
X: 0.756972 -0.160523 0.633424 Y: -0.451098 0.572949 0.684281 Cross: -0.472762 -0.803717 0.361295 Dot: 2.98023e-08
X: 0.754486 -0.164729 0.635307 Y: -0.450265 0.57435 0.683655 Cross: -0.477506 -0.801864 0.359167 Dot: 8.9407e-08
X: 0.752815 -0.167527 0.636557 Y: -0.446902 0.579929 0.681146 Cross: -0.483268 -0.797255 0.361711 Dot: 8.9407e-08
X: 0.752815 -0.167527 0.636557 Y: -0.446902 0.579929 0.681146 Cross: -0.483268 -0.797255 0.361711 Dot: 8.9407e-08
X: 0.752815 -0.167527 0.636557 Y: -0.446902 0.579929 0.681146 Cross: -0.483268 -0.797255 0.361711 Dot: 8.9407e-08
X: 0.752815 -0.167527 0.636557 Y: -0.446902 0.579929 0.681146 Cross: -0.483268 -0.797255 0.361711 Dot: 8.9407e-08
X: 0.752815 -0.167527 0.636557 Y: -0.446902 0.579929 0.681146 Cross: -0.483268 -0.797255 0.361711 Dot: 8.9407e-08
X: 0.752815 -0.167527 0.636557 Y: -0.446902 0.579929 0.681146 Cross: -0.483268 -0.797255 0.361711 Dot: 8.9407e-08
X: 0.752815 -0.167527 0.636557 Y: -0.446902 0.579929 0.681146 Cross: -0.483268 -0.797255 0.361711 Dot: 8.9407e-08
X: 0.752815 -0.167527 0.636557 Y: -0.446902 0.579929 0.681146 Cross: -0.483268 -0.797255 0.361711 Dot: 8.9407e-08
X: 0.752815 -0.167527 0.636557 Y: -0.446902 0.579929 0.681146 Cross: -0.483268 -0.797255 0.361711 Dot: 8.9407e-08
X: 0.752815 -0.167527 0.636557 Y: -0.446902 0.579929 0.681146 Cross: -0.483268 -0.797255 0.361711 Dot: 8.9407e-08
X: 0.752815 -0.167527 0.636557 Y: -0.446902 0.579929 0.681146 Cross: -0.483268 -0.797255 0.361711 Dot: 8.9407e-08
X: 0.752815 -0.167527 0.636557 Y: -0.446902 0.579929 0.681146 Cross: -0.483268 -0.797255 0.361711 Dot: 8.9407e-08
X: 0.752815 -0.167527 0.636557 Y: -0.446902 0.579929 0.681146 Cross: -0.483268 -0.797255 0.361711 Dot: 8.9407e-08
X: 0.752815 -0.167527 0.636557 Y: -0.446902 0.579929 0.681146 Cross: -0.483268 -0.797255 0.361711 Dot: 8.9407e-08
X: 0.752815 -0.167527 0.636557 Y: -0.446902 0.579929 0.681146 Cross: -0.483268 -0.797255 0.361711 Dot: 8.9407e-08
X: 0.752815 -0.167527 0.636557 Y: -0.446902 0.579929 0.681146 Cross: -0.483268 -0.797255 0.361711 Dot: 8.9407e-08
X: 0.752815 -0.167527 0.636557 Y: -0.446902 0.579929 0.681146 Cross: -0.483268 -0.797255 0.361711 Dot: 8.9407e-08
X: 0.752815 -0.167527 0.636557 Y: -0.446902 0.579929 0.681146 Cross: -0.483268 -0.797255 0.361711 Dot: 8.9407e-08
X: 0.752815 -0.167527 0.636557 Y: -0.450265 0.574349 0.683655 Cross: -0.480137 -0.801285 0.356947 Dot: 8.9407e-08
X: 0.751975 -0.168925 0.637179 Y: -0.451105 0.572951 0.684275 Cross: -0.480663 -0.801992 0.354642 Dot: 8.9407e-08
X: 0.751975 -0.168925 0.637179 Y: -0.451105 0.572951 0.684275 Cross: -0.480663 -0.801992 0.354642 Dot: 8.9407e-08
X: 0.751975 -0.168925 0.637179 Y: -0.451105 0.572951 0.684275 Cross: -0.480663 -0.801992 0.354642 Dot: 8.9407e-08
X: 0.751975 -0.168925 0.637179 Y: -0.451105 0.572951 0.684275 Cross: -0.480663 -0.801992 0.354642 Dot: 8.9407e-08
X: 0.750293 -0.171724 0.638413 Y: -0.44687 0.579922 0.681174 Cross: -0.487203 -0.796367 0.358373 Dot: 1.49012e-07
X: 0.746873 -0.177279 0.640899 Y: -0.43908 0.59234 0.675531 Cross: -0.499388 -0.785942 0.364564 Dot: 1.19209e-07
X: 0.742487 -0.184131 0.644056 Y: -0.424784 0.61401 0.665245 Cross: -0.517949 -0.76752 0.377679 Dot: 1.19209e-07
X: 0.737023 -0.192158 0.647976 Y: -0.403344 0.644238 0.649823 Cross: -0.54232 -0.740292 0.397312 Dot: 1.49012e-07
X: 0.733218 -0.197322 0.650734 Y: -0.380066 0.674617 0.632805 Cross: -0.563862 -0.711306 0.419646 Dot: 1.78814e-07
X: 0.729264 -0.202283 0.653648 Y: -0.353864 0.706126 0.613324 Cross: -0.585622 -0.678578 0.443372 Dot: 1.78814e-07
X: 0.724126 -0.208197 0.657492 Y: -0.326647 0.7361 0.59284 Cross: -0.607407 -0.644058 0.465022 Dot: 1.49012e-07
X: 0.722001 -0.210443 0.659111 Y: -0.298642 0.764526 0.571239 Cross: -0.624121 -0.609273 0.489141 Dot: 1.78814e-07
X: 0.719818 -0.212569 0.660814 Y: -0.269909 0.791344 0.548566 Cross: -0.639539 -0.573228 0.512249 Dot: 1.78814e-07
X: 0.718701 -0.213569 0.661707 Y: -0.243975 0.813696 0.527613 Cross: -0.65111 -0.540636 0.532698 Dot: 1.49012e-07
X: 0.717564 -0.214512 0.662636 Y: -0.219906 0.832947 0.507781 Cross: -0.660866 -0.510083 0.55052 Dot: 1.19209e-07
X: 0.717564 -0.214512 0.662636 Y: -0.199039 0.848558 0.490238 Cross: -0.667447 -0.483668 0.566198 Dot: 1.49012e-07
X: 0.719889 -0.212823 0.660656 Y: -0.179226 0.862555 0.473157 Cross: -0.67055 -0.459027 0.582801 Dot: 1.49012e-07
X: 0.721058 -0.212021 0.659638 Y: -0.161644 0.874285 0.457709 Cross: -0.673755 -0.436661 0.596138 Dot: 1.78814e-07
X: 0.723406 -0.210496 0.657553 Y: -0.142839 0.886157 0.440821 Cross: -0.675486 -0.412817 0.610984 Dot: 1.78814e-07
X: 0.725759 -0.209053 0.655416 Y: -0.123993 0.897358 0.423525 Cross: -0.676682 -0.388645 0.625345 Dot: 2.08616e-07
X: 0.728117 -0.207696 0.653229 Y: -0.103939 0.908515 0.40472 Cross: -0.677527 -0.362579 0.639917 Dot: 2.08616e-07
X: 0.730477 -0.206429 0.650991 Y: -0.0815031 0.920061 0.383205 Cross: -0.678056 -0.332981 0.655259 Dot: 1.49012e-07
X: 0.73284 -0.205265 0.6487 Y: -0.0578788 0.931146 0.360024 Cross: -0.677935 -0.301386 0.670501 Dot: 1.63913e-07
X: 0.738728 -0.202627 0.642824 Y: -0.0367575 0.940209 0.338609 Cross: -0.673001 -0.273768 0.687111 Dot: 1.49012e-07
X: 0.742242 -0.201191 0.639218 Y: -0.0145523 0.948804 0.31553 Cross: -0.669974 -0.243502 0.701314 Dot: 1.49012e-07
X: 0.744576 -0.20034 0.636766 Y: 0.00408765 0.955253 0.295763 Cross: -0.667525 -0.217615 0.712077 Dot: 1.49012e-07
X: 0.746901 -0.199579 0.634276 Y: 0.0226518 0.960976 0.275703 Cross: -0.664549 -0.191556 0.722275 Dot: 1.63913e-07
X: 0.74806 -0.199244 0.633015 Y: 0.0411618 0.96596 0.255398 Cross: -0.662353 -0.164997 0.730797 Dot: 1.78814e-07
X: 0.74806 -0.199244 0.633015 Y: 0.0550241 0.969203 0.240037 Cross: -0.661346 -0.144731 0.735986 Dot: 1.78814e-07
X: 0.74806 -0.199244 0.633015 Y: 0.0665578 0.971582 0.227156 Cross: -0.660285 -0.127794 0.740063 Dot: 1.93715e-07
X: 0.74806 -0.199244 0.633015 Y: 0.0757703 0.973271 0.216801 Cross: -0.659291 -0.114216 0.743162 Dot: 1.93715e-07
X: 0.74806 -0.199244 0.633015 Y: 0.0849681 0.974771 0.206404 Cross: -0.658169 -0.100616 0.746117 Dot: 1.93715e-07
X: 0.749208 -0.199068 0.631712 Y: 0.090697 0.975615 0.199875 Cross: -0.656096 -0.0924536 0.748993 Dot: 2.08616e-07
X: 0.749208 -0.199068 0.631712 Y: 0.0929866 0.975932 0.197259 Cross: -0.655775 -0.0890475 0.749686 Dot: 2.16067e-07
X: 0.749208 -0.199068 0.631712 Y: 0.094131 0.976086 0.195951 Cross: -0.655612 -0.087344 0.750029 Dot: 2.01166e-07
X: 0.749208 -0.199068 0.631712 Y: 0.094131 0.976086 0.195951 Cross: -0.655612 -0.087344 0.750029 Dot: 2.01166e-07
X: 0.749208 -0.199068 0.631712 Y: 0.094131 0.976086 0.195951 Cross: -0.655612 -0.087344 0.750029 Dot: 2.01166e-07
X: 0.749208 -0.199068 0.631712 Y: 0.094131 0.976086 0.195951 Cross: -0.655612 -0.087344 0.750029 Dot: 2.01166e-07
X: 0.749208 -0.199068 0.631712 Y: 0.094131 0.976086 0.195951 Cross: -0.655612 -0.087344 0.750029 Dot: 2.01166e-07
X: 0.749208 -0.199068 0.631712 Y: 0.094131 0.976086 0.195951 Cross: -0.655612 -0.087344 0.750029 Dot: 2.01166e-07
X: 0.749208 -0.199068 0.631712 Y: 0.094131 0.976086 0.195951 Cross: -0.655612 -0.087344 0.750029 Dot: 2.01166e-07
X: 0.749208 -0.199068 0.631712 Y: 0.094131 0.976086 0.195951 Cross: -0.655612 -0.087344 0.750029 Dot: 2.01166e-07
X: 0.749208 -0.199068 0.631712 Y: 0.094131 0.976086 0.195951 Cross: -0.655612 -0.087344 0.750029 Dot: 2.01166e-07
X: 0.749208 -0.199068 0.631712 Y: 0.094131 0.976086 0.195951 Cross: -0.655612 -0.087344 0.750029 Dot: 2.01166e-07
X: 0.749208 -0.199068 0.631712 Y: 0.094131 0.976086 0.195951 Cross: -0.655612 -0.087344 0.750029 Dot: 2.01166e-07
X: 0.750351 -0.198916 0.630401 Y: 0.0952729 0.976237 0.194639 Cross: -0.654138 -0.0859876 0.751472 Dot: 1.93715e-07
X: 0.751491 -0.198765 0.629089 Y: 0.0986897 0.976676 0.190696 Cross: -0.65232 -0.0812219 0.753579 Dot: 1.78814e-07
X: 0.751491 -0.198765 0.629089 Y: 0.104378 0.977347 0.184113 Cross: -0.651434 -0.0726958 0.755215 Dot: 1.93715e-07
X: 0.752627 -0.198638 0.62777 Y: 0.111181 0.978059 0.176183 Cross: -0.648992 -0.062804 0.758198 Dot: 2.08616e-07
X: 0.753759 -0.198528 0.626446 Y: 0.120213 0.978845 0.165564 Cross: -0.646062 -0.0494886 0.761678 Dot: 2.08616e-07
X: 0.756009 -0.198354 0.623783 Y: 0.130305 0.979513 0.153546 Cross: -0.64146 -0.0348001 0.766367 Dot: 2.08616e-07
X: 0.758244 -0.198231 0.621104 Y: 0.144764 0.980066 0.13607 Cross: -0.635696 -0.0132606 0.771825 Dot: 2.23517e-07
X: 0.758244 -0.198231 0.621104 Y: 0.144764 0.980066 0.13607 Cross: -0.635696 -0.0132606 0.771825 Dot: 2.23517e-07
X: 0.758244 -0.198231 0.621104 Y: 0.160252 0.980097 0.117172 Cross: -0.631969 0.0106885 0.77492 Dot: 2.30968e-07
X: 0.758244 -0.198231 0.621104 Y: 0.175645 0.979543 0.098204 Cross: -0.627866 0.0346312 0.777551 Dot: 2.16067e-07
X: 0.757147 -0.198171 0.62246 Y: 0.188783 0.978596 0.0819214 Cross: -0.625372 0.0554835 0.778352 Dot: 2.16067e-07
X: 0.757147 -0.198171 0.62246 Y: 0.202922 0.977086 0.0642415 Cross: -0.620928 0.0776709 0.78001 Dot: 1.86265e-07
X: 0.757147 -0.198171 0.62246 Y: 0.215882 0.975245 0.0478921 Cross: -0.616542 0.0981164 0.781185 Dot: 1.88127e-07
X: 0.758222 -0.198342 0.621096 Y: 0.224451 0.973785 0.0369653 Cross: -0.612145 0.111377 0.782862 Dot: 2.19792e-07
X: 0.759289 -0.198536 0.619729 Y: 0.232957 0.972139 0.0260161 Cross: -0.607628 0.124616 0.784385 Dot: 2.21655e-07
X: 0.759289 -0.198536 0.619729 Y: 0.241418 0.970305 0.0150618 Cross: -0.604316 0.138177 0.784672 Dot: 2.40281e-07
X: 0.760342 -0.198777 0.618358 Y: 0.248767 0.968548 0.00546116 Cross: -0.599995 0.149675 0.785877 Dot: 2.57744e-07
X: 0.761388 -0.199037 0.616985 Y: 0.256062 0.966652 -0.00415349 Cross: -0.595583 0.161149 0.786963 Dot: 2.83588e-07
X: 0.762427 -0.199318 0.615611 Y: 0.262271 0.964915 -0.0124054 Cross: -0.59154 0.170915 0.787952 Dot: 3.08733e-07
X: 0.762427 -0.199318 0.615611 Y: 0.267423 0.963387 -0.0192811 Cross: -0.589228 0.179329 0.787814 Dot: 3.18512e-07
X: 0.763454 -0.199631 0.614235 Y: 0.270498 0.962436 -0.0234114 Cross: -0.586488 0.184023 0.788776 Dot: 3.61353e-07
X: 0.763454 -0.199631 0.614235 Y: 0.272543 0.961788 -0.0261646 Cross: -0.585541 0.187381 0.788689 Dot: 3.39001e-07
X: 0.764475 -0.199958 0.612858 Y: 0.276615 0.960459 -0.0316775 Cross: -0.58229 0.193742 0.789558 Dot: 3.22238e-07
X: 0.764475 -0.199958 0.612858 Y: 0.281686 0.958732 -0.0385664 Cross: -0.579854 0.202116 0.789251 Dot: 3.07336e-07
X: 0.765486 -0.20031 0.611479 Y: 0.286724 0.956934 -0.0454617 Cross: -0.576039 0.210126 0.789953 Dot: 3.35276e-07
X: 0.765486 -0.20031 0.611479 Y: 0.288733 0.956195 -0.0482188 Cross: -0.575034 0.213465 0.78979 Dot: 3.29688e-07
X: 0.765486 -0.20031 0.611479 Y: 0.289736 0.955821 -0.0495972 Cross: -0.57453 0.215133 0.789704 Dot: 3.39001e-07
X: 0.765486 -0.20031 0.611479 Y: 0.289736 0.955821 -0.0495972 Cross: -0.57453 0.215133 0.789704 Dot: 3.39001e-07
X: 0.765486 -0.20031 0.611479 Y: 0.289736 0.955821 -0.0495972 Cross: -0.57453 0.215133 0.789704 Dot: 3.39001e-07
X: 0.765486 -0.20031 0.611479 Y: 0.289736 0.955821 -0.0495972 Cross: -0.57453 0.215133 0.789704 Dot: 3.39001e-07
X: 0.765486 -0.20031 0.611479 Y: 0.289736 0.955821 -0.0495972 Cross: -0.57453 0.215133 0.789704 Dot: 3.39001e-07
X: 0.764482 -0.199934 0.612856 Y: 0.28873 0.956196 -0.0482207 Cross: -0.57637 0.213814 0.788721 Dot: 3.65078e-07
X: 0.763475 -0.199561 0.614232 Y: 0.287722 0.956568 -0.0468459 Cross: -0.578206 0.212494 0.787733 Dot: 3.8743e-07
X: 0.762464 -0.19919 0.615606 Y: 0.285697 0.957305 -0.0440997 Cross: -0.580538 0.209501 0.786819 Dot: 3.89293e-07
X: 0.76145 -0.198824 0.616978 Y: 0.284681 0.95767 -0.0427282 Cross: -0.582366 0.208177 0.785819 Dot: 4.06057e-07
X: 0.76145 -0.198824 0.616978 Y: 0.282646 0.95839 -0.0399849 Cross: -0.583356 0.204833 0.785963 Dot: 4.17233e-07
X: 0.760431 -0.198466 0.618349 Y: 0.281626 0.958747 -0.038615 Cross: -0.585176 0.203507 0.784954 Dot: 4.32134e-07
X: 0.759408 -0.19811 0.619718 Y: 0.280602 0.959101 -0.0372468 Cross: -0.586993 0.202179 0.783939 Dot: 4.56348e-07
X: 0.758382 -0.197757 0.621085 Y: 0.278546 0.959803 -0.0345139 Cross: -0.589294 0.199176 0.782982 Dot: 4.71249e-07
X: 0.757353 -0.197409 0.622451 Y: 0.276483 0.960493 -0.0317844 Cross: -0.591585 0.196169 0.782012 Dot: 4.74975e-07
X: 0.757353 -0.197409 0.622451 Y: 0.273382 0.961507 -0.0276893 Cross: -0.593025 0.191137 0.782168 Dot: 4.65661e-07
X: 0.757353 -0.197409 0.622451 Y: 0.269235 0.962818 -0.0222282 Cross: -0.594919 0.18442 0.782342 Dot: 4.65661e-07
X: 0.756313 -0.197087 0.623815 Y: 0.265066 0.964085 -0.0167735 Cross: -0.598105 0.178038 0.781391 Dot: 4.84288e-07
X: 0.755268 -0.196776 0.625178 Y: 0.262972 0.964701 -0.0140496 Cross: -0.600346 0.175015 0.780355 Dot: 4.77768e-07
X: 0.755268 -0.196776 0.625178 Y: 0.259825 0.965605 -0.00996349 Cross: -0.601714 0.169962 0.780418 Dot: 4.86616e-07
X: 0.754217 -0.196479 0.626539 Y: 0.255609 0.96677 -0.00452257 Cross: -0.604831 0.16356 0.779376 Dot: 5.11296e-07
X: 0.752101 -0.195907 0.629256 Y: 0.251362 0.967893 0.000903265 Cross: -0.60923 0.157491 0.777197 Dot: 4.86849e-07
X: 0.751036 -0.195632 0.630612 Y: 0.247093 0.968971 0.00632138 Cross: -0.612281 0.151072 0.776072 Dot: 5.30388e-07
X: 0.751036 -0.195632 0.630612 Y: 0.240668 0.9705 0.0144479 Cross: -0.614835 0.140917 0.775963 Dot: 5.48549e-07
X: 0.748886 -0.195139 0.633316 Y: 0.234189 0.97193 0.0225497 Cross: -0.619939 0.131428 0.773564 Dot: 5.72763e-07
X: 0.746717 -0.194679 0.636013 Y: 0.227657 0.97326 0.0306259 Cross: -0.624968 0.121924 0.77107 Dot: 5.69969e-07
X: 0.744531 -0.194252 0.6387 Y: 0.219973 0.974685 0.0400166 Cross: -0.630305 0.110703 0.768414 Dot: 5.47618e-07
X: 0.742326 -0.193864 0.641379 Y: 0.212224 0.975973 0.049374 Cross: -0.63554 0.0994644 0.765633 Dot: 5.66244e-07
X: 0.740103 -0.193516 0.644047 Y: 0.203294 0.977276 0.0600278 Cross: -0.641029 0.0865041 0.762626 Dot: 5.62519e-07
X: 0.737861 -0.193213 0.646706 Y: 0.196543 0.978136 0.067987 Cross: -0.645702 0.0769404 0.759703 Dot: 5.55068e-07
X: 0.735603 -0.192943 0.649353 Y: 0.189744 0.978895 0.075915 Cross: -0.650296 0.0673673 0.756688 Dot: 5.40167e-07
X: 0.733329 -0.192707 0.651991 Y: 0.181753 0.979653 0.0851261 Cross: -0.655129 0.0560762 0.753433 Dot: 5.69969e-07
X: 0.731037 -0.19251 0.654617 Y: 0.172553 0.98035 0.0956055 Cross: -0.660158 0.0430649 0.74989 Dot: 5.58794e-07
X: 0.728728 -0.192358 0.65723 Y: 0.164444 0.980811 0.104732 Cross: -0.664765 0.0317564 0.746377 Dot: 5.51343e-07
X: 0.725238 -0.19219 0.661129 Y: 0.157434 0.9811 0.112506 Cross: -0.670257 0.0224906 0.741788 Dot: 5.73695e-07
X: 0.722894 -0.19211 0.663715 Y: 0.152733 0.981238 0.117666 Cross: -0.673867 0.0163114 0.738672 Dot: 5.81145e-07
X: 0.720537 -0.192052 0.666289 Y: 0.146825 0.981349 0.124087 Cross: -0.677693 0.00841843 0.735296 Dot: 5.58794e-07
X: 0.718167 -0.192021 0.668852 Y: 0.142072 0.981388 0.129201 Cross: -0.681213 0.00223748 0.732082 Dot: 5.81145e-07
X: 0.715785 -0.192012 0.671403 Y: 0.13849 0.98139 0.13302 Cross: -0.68445 -0.0022308 0.729056 Dot: 5.81145e-07
X: 0.713391 -0.192019 0.673944 Y: 0.133691 0.981355 0.13809 Cross: -0.687894 -0.00841182 0.725762 Dot: 5.96046e-07
X: 0.710986 -0.192047 0.676473 Y: 0.130075 0.981301 0.141876 Cross: -0.691071 -0.0128797 0.722672 Dot: 6.33299e-07
X: 0.708569 -0.192091 0.678992 Y: 0.12523 0.981192 0.146901 Cross: -0.69444 -0.0190597 0.719298 Dot: 6.48201e-07
X: 0.706141 -0.192156 0.681498 Y: 0.120361 0.98104 0.151903 Cross: -0.697766 -0.0252386 0.71588 Dot: 6.4075e-07
X: 0.703701 -0.192243 0.683993 Y: 0.11547 0.980844 0.15688 Cross: -0.70105 -0.0314159 0.712419 Dot: 6.33299e-07
X: 0.70125 -0.192352 0.686476 Y: 0.108097 0.980468 0.164307 Cross: -0.704672 -0.0410142 0.708346 Dot: 6.48201e-07
X: 0.698786 -0.192494 0.688944 Y: 0.100686 0.979992 0.17169 Cross: -0.708209 -0.0506076 0.704186 Dot: 6.55651e-07
X: 0.696309 -0.192669 0.691398 Y: 0.0957223 0.97962 0.176585 Cross: -0.71133 -0.0567757 0.700561 Dot: 6.63102e-07
X: 0.692575 -0.192964 0.695057 Y: 0.0907286 0.979206 0.181446 Cross: -0.715617 -0.0626037 0.695681 Dot: 6.70552e-07
X: 0.690073 -0.193181 0.697481 Y: 0.0869678 0.978869 0.185074 Cross: -0.718495 -0.067056 0.692291 Dot: 6.70552e-07
X: 0.686302 -0.19353 0.701096 Y: 0.0844467 0.978632 0.187476 Cross: -0.722398 -0.0694601 0.68798 Dot: 6.70552e-07
X: 0.683776 -0.193771 0.703493 Y: 0.0819162 0.978386 0.189868 Cross: -0.725079 -0.0721998 0.68487 Dot: 7.00355e-07
X: 0.678697 -0.19427 0.708257 Y: 0.0793681 0.978133 0.192241 Cross: -0.730117 -0.07426 0.679275 Dot: 6.85453e-07
X: 0.6723 -0.194911 0.714158 Y: 0.0729423 0.977462 0.198107 Cross: -0.736676 -0.0810948 0.671365 Dot: 6.85453e-07
X: 0.667141 -0.195472 0.718828 Y: 0.065175 0.976574 0.205074 Cross: -0.742075 -0.0899635 0.664252 Dot: 6.85453e-07
X: 0.664546 -0.195785 0.721142 Y: 0.0573762 0.975585 0.211992 Cross: -0.745041 -0.0995022 0.659555 Dot: 6.70552e-07
X: 0.660636 -0.196303 0.724586 Y: 0.0508421 0.974689 0.217707 Cross: -0.748982 -0.106985 0.653895 Dot: 6.55651e-07
X: 0.656705 -0.196861 0.727999 Y: 0.0429601 0.973526 0.224502 Cross: -0.752922 -0.116157 0.647777 Dot: 6.85453e-07
X: 0.654073 -0.197265 0.730256 Y: 0.0363681 0.972481 0.230125 Cross: -0.755556 -0.12396 0.643248 Dot: 6.55651e-07
X: 0.650108 -0.197911 0.733614 Y: 0.0310686 0.971599 0.234583 Cross: -0.759206 -0.129712 0.637794 Dot: 6.25849e-07
X: 0.646124 -0.198588 0.736944 Y: 0.0257439 0.970677 0.239003 Cross: -0.762797 -0.135454 0.63229 Dot: 6.4075e-07
X: 0.642121 -0.199294 0.740244 Y: 0.0177194 0.969217 0.24557 Cross: -0.766398 -0.144569 0.625886 Dot: 6.25849e-07
X: 0.6381 -0.200049 0.743511 Y: 0.008314 0.967391 0.253151 Cross: -0.769908 -0.155354 0.618955 Dot: 6.10948e-07
X: 0.635408 -0.20059 0.745667 Y: 0.000227954 0.965718 0.259592 Cross: -0.772176 -0.164777 0.613671 Dot: 6.10948e-07
X: 0.630002 -0.201735 0.749933 Y: -0.0092597 0.96365 0.267006 Cross: -0.776538 -0.175158 0.605234 Dot: 6.10948e-07
X: 0.623201 -0.203256 0.755186 Y: -0.0188128 0.96146 0.2743 Cross: -0.781834 -0.185151 0.59536 Dot: 6.25849e-07
X: 0.616355 -0.204864 0.760353 Y: -0.0270556 0.959487 0.28045 Cross: -0.787003 -0.193428 0.585842 Dot: 6.10948e-07
X: 0.612226 -0.205874 0.76341 Y: -0.0367077 0.957066 0.287537 Cross: -0.78983 -0.204061 0.578383 Dot: 6.10948e-07
X: 0.606697 -0.207294 0.767429 Y: -0.0477913 0.954143 0.29551 Cross: -0.793495 -0.215962 0.568969 Dot: 6.10948e-07
X: 0.601142 -0.208796 0.771383 Y: -0.061706 0.950254 0.305301 Cross: -0.796755 -0.231129 0.558354 Dot: 6.10948e-07
X: 0.595565 -0.210405 0.775262 Y: -0.0784659 0.945236 0.316815 Cross: -0.799465 -0.249515 0.54644 Dot: 6.25849e-07
X: 0.587161 -0.213006 0.780941 Y: -0.096724 0.939382 0.328946 Cross: -0.80367 -0.26868 0.530966 Dot: 5.96046e-07
X: 0.580125 -0.215342 0.785545 Y: -0.115048 0.933087 0.340752 Cross: -0.806361 -0.288054 0.516533 Dot: 6.25849e-07
X: 0.577307 -0.216347 0.787343 Y: -0.131952 0.926866 0.351437 Cross: -0.805794 -0.306779 0.506539 Dot: 6.25849e-07
X: 0.574491 -0.217416 0.789107 Y: -0.147435 0.92082 0.361044 Cross: -0.805122 -0.323759 0.496948 Dot: 6.55651e-07
X: 0.573085 -0.217981 0.789973 Y: -0.160079 0.915627 0.368783 Cross: -0.803708 -0.337802 0.489838 Dot: 6.85453e-07
X: 0.571681 -0.21857 0.790827 Y: -0.169898 0.911436 0.374723 Cross: -0.802692 -0.348583 0.483916 Dot: 6.25849e-07
X: 0.571681 -0.21857 0.790827 Y: -0.178295 0.907736 0.37977 Cross: -0.800869 -0.358108 0.479966 Dot: 6.25849e-07
X: 0.571681 -0.21857 0.790827 Y: -0.182486 0.905849 0.382278 Cross: -0.799924 -0.362856 0.477971 Dot: 6.55651e-07
X: 0.571681 -0.21857 0.790827 Y: -0.185277 0.904577 0.383944 Cross: -0.799282 -0.366016 0.476633 Dot: 6.25849e-07
X: 0.571681 -0.21857 0.790827 Y: -0.189459 0.902648 0.386435 Cross: -0.798301 -0.370747 0.474617 Dot: 6.55651e-07
X: 0.571681 -0.21857 0.790827 Y: -0.197809 0.898716 0.391384 Cross: -0.796273 -0.380179 0.470544 Dot: 6.25849e-07
X: 0.568898 -0.219896 0.792464 Y: -0.208935 0.893331 0.397877 Cross: -0.795424 -0.391925 0.46227 Dot: 5.96046e-07
X: 0.561935 -0.223308 0.796468 Y: -0.229814 0.882816 0.40966 Cross: -0.794615 -0.413242 0.444766 Dot: 5.96046e-07
X: 0.55498 -0.226905 0.800319 Y: -0.258956 0.867152 0.425427 Cross: -0.79053 -0.443351 0.422493 Dot: 5.66244e-07
X: 0.549447 -0.229995 0.803249 Y: -0.285152 0.852029 0.439015 Cross: -0.785363 -0.470264 0.402562 Dot: 5.66244e-07
X: 0.546702 -0.231635 0.804649 Y: -0.308382 0.837727 0.450681 Cross: -0.77847 -0.494528 0.386555 Dot: 5.96046e-07
X: 0.543982 -0.23336 0.805994 Y: -0.327356 0.825414 0.459923 Cross: -0.772606 -0.514036 0.372618 Dot: 5.96046e-07
X: 0.541281 -0.235153 0.80729 Y: -0.343504 0.814485 0.467566 Cross: -0.767475 -0.530392 0.36009 Dot: 6.25849e-07
X: 0.541281 -0.235153 0.80729 Y: -0.359501 0.803199 0.475005 Cross: -0.760113 -0.547333 0.350219 Dot: 5.96046e-07
X: 0.541281 -0.235153 0.80729 Y: -0.375341 0.79156 0.482235 Cross: -0.752417 -0.564034 0.340194 Dot: 6.25849e-07
X: 0.541281 -0.235153 0.80729 Y: -0.38581 0.783608 0.486938 Cross: -0.747103 -0.575031 0.333428 Dot: 6.25849e-07
X: 0.541281 -0.235153 0.80729 Y: -0.393612 0.777543 0.490403 Cross: -0.743022 -0.583205 0.328311 Dot: 5.96046e-07
X: 0.541281 -0.235153 0.80729 Y: -0.400081 0.772424 0.493249 Cross: -0.739559 -0.589968 0.324019 Dot: 6.55651e-07
X: 0.541281 -0.235153 0.80729 Y: -0.405235 0.768287 0.495499 Cross: -0.736748 -0.595346 0.320567 Dot: 6.25849e-07
X: 0.541281 -0.235153 0.80729 Y: -0.407804 0.766204 0.496615 Cross: -0.735329 -0.598024 0.318836 Dot: 5.96046e-07
X: 0.541281 -0.235153 0.80729 Y: -0.409087 0.765159 0.497171 Cross: -0.734616 -0.599361 0.317968 Dot: 6.25849e-07
X: 0.541281 -0.235153 0.80729 Y: -0.409087 0.765159 0.497171 Cross: -0.734616 -0.599361 0.317968 Dot: 6.25849e-07
X: 0.541281 -0.235153 0.80729 Y: -0.409087 0.765159 0.497171 Cross: -0.734616 -0.599361 0.317968 Dot: 6.25849e-07
X: 0.541281 -0.235153 0.80729 Y: -0.409087 0.765159 0.497171 Cross: -0.734616 -0.599361 0.317968 Dot: 6.25849e-07
X: 0.541281 -0.235153 0.80729 Y: -0.409087 0.765159 0.497171 Cross: -0.734616 -0.599361 0.317968 Dot: 6.25849e-07
X: 0.541281 -0.235153 0.80729 Y: -0.409087 0.765159 0.497171 Cross: -0.734616 -0.599361 0.317968 Dot: 6.25849e-07
X: 0.541281 -0.235153 0.80729 Y: -0.409087 0.765159 0.497171 Cross: -0.734616 -0.599361 0.317968 Dot: 6.25849e-07
X: 0.541281 -0.235153 0.80729 Y: -0.409087 0.765159 0.497171 Cross: -0.734616 -0.599361 0.317968 Dot: 6.25849e-07
X: 0.541281 -0.235153 0.80729 Y: -0.409087 0.765159 0.497171 Cross: -0.734616 -0.599361 0.317968 Dot: 6.25849e-07
X: 0.541281 -0.235153 0.80729 Y: -0.409087 0.765159 0.497171 Cross: -0.734616 -0.599361 0.317968 Dot: 6.25849e-07
X: 0.541281 -0.235153 0.80729 Y: -0.409087 0.765159 0.497171 Cross: -0.734616 -0.599361 0.317968 Dot: 6.25849e-07
X: 0.541281 -0.235153 0.80729 Y: -0.409087 0.765159 0.497171 Cross: -0.734616 -0.599361 0.317968 Dot: 6.25849e-07
X: 0.541281 -0.235153 0.80729 Y: -0.412927 0.76201 0.498829 Cross: -0.732464 -0.603359 0.315361 Dot: 6.25849e-07
X: 0.540002 -0.236206 0.807839 Y: -0.419312 0.75672 0.50155 Cross: -0.729776 -0.609574 0.309586 Dot: 5.66244e-07
X: 0.540002 -0.236206 0.807839 Y: -0.426931 0.750295 0.504764 Cross: -0.725345 -0.617465 0.304317 Dot: 6.25849e-07
X: 0.540002 -0.236206 0.807839 Y: -0.434503 0.743788 0.507923 Cross: -0.720835 -0.625288 0.299015 Dot: 5.96046e-07
X: 0.538743 -0.237297 0.80836 Y: -0.442038 0.737203 0.511012 Cross: -0.717187 -0.632629 0.292269 Dot: 6.25849e-07
X: 0.538743 -0.237297 0.80836 Y: -0.449524 0.730538 0.514044 Cross: -0.712518 -0.640315 0.286902 Dot: 5.96046e-07
X: 0.537499 -0.238414 0.808859 Y: -0.45697 0.723797 0.517006 Cross: -0.708711 -0.647514 0.280092 Dot: 6.55651e-07
X: 0.537499 -0.238414 0.808859 Y: -0.463137 0.718119 0.51943 Cross: -0.704696 -0.653806 0.27557 Dot: 6.55651e-07
X: 0.537499 -0.238414 0.808859 Y: -0.470491 0.711233 0.522287 Cross: -0.699808 -0.66129 0.270115 Dot: 6.55651e-07
X: 0.537499 -0.238414 0.808859 Y: -0.477794 0.704269 0.525087 Cross: -0.694843 -0.668702 0.264631 Dot: 6.55651e-07
X: 0.536285 -0.23958 0.80932 Y: -0.483847 0.698411 0.527364 Cross: -0.691584 -0.674405 0.258627 Dot: 6.55651e-07
X: 0.535077 -0.240757 0.80977 Y: -0.491073 0.691314 0.530029 Cross: -0.687414 -0.681262 0.251677 Dot: 6.85453e-07
X: 0.533877 -0.241946 0.810208 Y: -0.498254 0.684147 0.532621 Cross: -0.683166 -0.688043 0.2447 Dot: 7.7486e-07
X: 0.533877 -0.241946 0.810208 Y: -0.504197 0.678117 0.534736 Cross: -0.678792 -0.693987 0.240042 Dot: 7.15256e-07
X: 0.532691 -0.243157 0.810625 Y: -0.511287 0.670816 0.537205 Cross: -0.674406 -0.700627 0.233015 Dot: 8.04663e-07
X: 0.531513 -0.244379 0.811031 Y: -0.518331 0.663447 0.539601 Cross: -0.669944 -0.707188 0.225962 Dot: 7.7486e-07
X: 0.529171 -0.246846 0.811815 Y: -0.525337 0.656014 0.541908 Cross: -0.66633 -0.713239 0.217467 Dot: 8.04663e-07
X: 0.528008 -0.248091 0.812193 Y: -0.532296 0.648514 0.544141 Cross: -0.661715 -0.719638 0.210363 Dot: 8.04663e-07
X: 0.526852 -0.249346 0.812559 Y: -0.536909 0.643477 0.545586 Cross: -0.658903 -0.723713 0.205141 Dot: 8.34465e-07
X: 0.524549 -0.251871 0.81327 Y: -0.542654 0.637145 0.547331 Cross: -0.656028 -0.728426 0.197535 Dot: 8.04663e-07
X: 0.522256 -0.254412 0.813955 Y: -0.549514 0.629491 0.54934 Cross: -0.652136 -0.734175 0.188952 Dot: 8.04663e-07
X: 0.519976 -0.256973 0.814609 Y: -0.5552 0.623068 0.550943 Cross: -0.649135 -0.738748 0.181309 Dot: 8.64267e-07
X: 0.517707 -0.25955 0.815237 Y: -0.561986 0.615308 0.552781 Cross: -0.645096 -0.74433 0.172685 Dot: 8.9407e-07
X: 0.515452 -0.262147 0.815835 Y: -0.568729 0.607489 0.55453 Cross: -0.640979 -0.749822 0.164041 Dot: 8.9407e-07
X: 0.513211 -0.264763 0.816403 Y: -0.575429 0.599613 0.556187 Cross: -0.636784 -0.755223 0.155376 Dot: 9.23872e-07
X: 0.512099 -0.266081 0.816673 Y: -0.582075 0.591677 0.557769 Cross: -0.631617 -0.760997 0.148118 Dot: 9.53674e-07
X: 0.509891 -0.268735 0.817185 Y: -0.588676 0.583685 0.559259 Cross: -0.627271 -0.766218 0.139418 Dot: 9.53674e-07
X: 0.507699 -0.271408 0.817666 Y: -0.597401 0.572943 0.561112 Cross: -0.620767 -0.77335 0.128743 Dot: 9.23872e-07
X: 0.505529 -0.274106 0.818111 Y: -0.606035 0.562103 0.562815 Cross: -0.614133 -0.780323 0.118041 Dot: 9.23872e-07
X: 0.503382 -0.276828 0.818518 Y: -0.614575 0.551167 0.564368 Cross: -0.607373 -0.787133 0.107315 Dot: 9.23872e-07
X: 0.501259 -0.279574 0.818887 Y: -0.62302 0.540136 0.565771 Cross: -0.600486 -0.793781 0.0965676 Dot: 8.9407e-07
X: 0.499159 -0.282343 0.81922 Y: -0.631368 0.529014 0.567025 Cross: -0.593475 -0.800264 0.0858 Dot: 9.53674e-07
X: 0.497085 -0.285135 0.819514 Y: -0.637566 0.520616 0.567862 Cross: -0.588569 -0.80477 0.0769976 Dot: 9.23872e-07
X: 0.495027 -0.287943 0.819778 Y: -0.643712 0.51217 0.568607 Cross: -0.583592 -0.809177 0.0681859 Dot: 9.83477e-07
X: 0.492987 -0.290765 0.820011 Y: -0.649806 0.503679 0.56926 Cross: -0.578543 -0.813486 0.0593661 Dot: 9.23872e-07
X: 0.490965 -0.293603 0.820213 Y: -0.655847 0.495143 0.569821 Cross: -0.573424 -0.817696 0.050539 Dot: 9.53674e-07
X: 0.48896 -0.296456 0.820384 Y: -0.661834 0.486564 0.570289 Cross: -0.568235 -0.821807 0.041706 Dot: 8.9407e-07
X: 0.487967 -0.29789 0.820456 Y: -0.667757 0.477937 0.570679 Cross: -0.562126 -0.826338 0.0343 Dot: 8.64267e-07
X: 0.487967 -0.29789 0.820456 Y: -0.673607 0.469258 0.571007 Cross: -0.555102 -0.831298 0.0283221 Dot: 8.34465e-07
X: 0.487967 -0.29789 0.820456 Y: -0.679383 0.460527 0.571272 Cross: -0.548018 -0.836166 0.0223411 Dot: 7.7486e-07
X: 0.487967 -0.29789 0.820456 Y: -0.686027 0.450277 0.571503 Cross: -0.539677 -0.84173 0.0153602 Dot: 7.7486e-07
X: 0.488909 -0.29642 0.820428 Y: -0.692559 0.439954 0.571665 Cross: -0.530403 -0.847687 0.0098089 Dot: 7.7486e-07
X: 0.490757 -0.293459 0.820388 Y: -0.698057 0.431042 0.571766 Cross: -0.521412 -0.853277 0.00668561 Dot: 6.85453e-07
X: 0.492574 -0.290479 0.82036 Y: -0.702566 0.423571 0.571828 Cross: -0.513584 -0.858025 0.00455938 Dot: 6.55651e-07
X: 0.494364 -0.287482 0.820339 Y: -0.707006 0.416058 0.571871 Cross: -0.505711 -0.862697 0.00243258 Dot: 5.96046e-07
X: 0.495246 -0.285976 0.820334 Y: -0.712254 0.406996 0.57188 Cross: -0.497417 -0.867507 -0.00212438 Dot: 6.55651e-07
X: 0.496113 -0.284461 0.820336 Y: -0.717415 0.397884 0.571841 Cross: -0.489066 -0.872219 -0.00668117 Dot: 6.55651e-07
X: 0.497817 -0.281415 0.820354 Y: -0.722479 0.388718 0.57177 Cross: -0.479792 -0.877326 -0.00980565 Dot: 6.85453e-07
X: 0.499489 -0.278351 0.820384 Y: -0.727445 0.3795 0.571666 Cross: -0.470459 -0.882325 -0.0129291 Dot: 6.55651e-07
X: 0.501128 -0.275269 0.820424 Y: -0.732313 0.370229 0.571529 Cross: -0.461069 -0.887217 -0.0160512 Dot: 6.25849e-07
X: 0.502735 -0.272171 0.820475 Y: -0.737083 0.360908 0.57136 Cross: -0.451623 -0.892 -0.0191715 Dot: 6.25849e-07
X: 0.503522 -0.270613 0.820507 Y: -0.741763 0.351542 0.571143 Cross: -0.443002 -0.896204 -0.0237216 Dot: 6.55651e-07
X: 0.505065 -0.267483 0.820585 Y: -0.745585 0.3437 0.570939 Cross: -0.434752 -0.900177 -0.0258407 Dot: 6.25849e-07
X: 0.50658 -0.26434 0.82067 Y: -0.750078 0.334245 0.570667 Cross: -0.425155 -0.904655 -0.0289536 Dot: 6.25849e-07
X: 0.507321 -0.26276 0.820719 Y: -0.75448 0.324749 0.570348 Cross: -0.416392 -0.908566 -0.0334956 Dot: 5.66244e-07
X: 0.507321 -0.26276 0.820719 Y: -0.758799 0.315216 0.569966 Cross: -0.408469 -0.911917 -0.0394664 Dot: 5.96046e-07
X: 0.508033 -0.261168 0.820787 Y: -0.763026 0.305645 0.569536 Cross: -0.399614 -0.915625 -0.0440003 Dot: 6.25849e-07
X: 0.50873 -0.25957 0.820862 Y: -0.767159 0.296035 0.569059 Cross: -0.390715 -0.919229 -0.0485294 Dot: 5.96046e-07
X: 0.509411 -0.257965 0.820946 Y: -0.771199 0.286388 0.568535 Cross: -0.381771 -0.922731 -0.0530532 Dot: 5.36442e-07
X: 0.510076 -0.256354 0.821037 Y: -0.775146 0.276705 0.567963 Cross: -0.372785 -0.926128 -0.0575711 Dot: 5.36442e-07
X: 0.510076 -0.256354 0.821037 Y: -0.779007 0.266992 0.567329 Cross: -0.364647 -0.928975 -0.0635155 Dot: 5.66244e-07
X: 0.510712 -0.254732 0.821146 Y: -0.782773 0.257244 0.566648 Cross: -0.355579 -0.932165 -0.0680199 Dot: 5.36442e-07
X: 0.511332 -0.253105 0.821264 Y: -0.786445 0.247464 0.565919 Cross: -0.34647 -0.935251 -0.0725168 Dot: 5.66244e-07
X: 0.511936 -0.251472 0.821389 Y: -0.79002 0.237652 0.565144 Cross: -0.337323 -0.938232 -0.0770055 Dot: 5.36442e-07
X: 0.51311 -0.248196 0.821653 Y: -0.793491 0.227805 0.564337 Cross: -0.327243 -0.941541 -0.0800519 Dot: 5.36442e-07
X: 0.514249 -0.244908 0.821927 Y: -0.796855 0.217924 0.563498 Cross: -0.317123 -0.944735 -0.0830887 Dot: 5.06639e-07
X: 0.515353 -0.241608 0.822212 Y: -0.800113 0.20801 0.562627 Cross: -0.306964 -0.947814 -0.0861155 Dot: 5.06639e-07
X: 0.515888 -0.239954 0.822361 Y: -0.803275 0.198069 0.561709 Cross: -0.297668 -0.950361 -0.0905674 Dot: 5.36442e-07
X: 0.516407 -0.238295 0.822518 Y: -0.805834 0.189764 0.56091 Cross: -0.289747 -0.95247 -0.0940303 Dot: 5.36442e-07
X: 0.517415 -0.234969 0.822841 Y: -0.808316 0.181438 0.560093 Cross: -0.280899 -0.954916 -0.09605 Dot: 5.36442e-07
X: 0.518392 -0.231634 0.823171 Y: -0.811194 0.17142 0.559087 Cross: -0.270611 -0.957578 -0.0990372 Dot: 5.36442e-07
X: 0.519334 -0.22829 0.823512 Y: -0.813964 0.161375 0.558049 Cross: -0.260291 -0.960123 -0.102013 Dot: 5.36442e-07
X: 0.520239 -0.224937 0.823863 Y: -0.816626 0.151303 0.55698 Cross: -0.249939 -0.962551 -0.104976 Dot: 5.06639e-07
X: 0.521109 -0.221576 0.824225 Y: -0.81918 0.141207 0.55588 Cross: -0.239556 -0.964862 -0.107926 Dot: 5.06639e-07
X: 0.521942 -0.218206 0.824596 Y: -0.821223 0.132775 0.554942 Cross: -0.230578 -0.966825 -0.109895 Dot: 5.36442e-07
X: 0.522743 -0.21483 0.824975 Y: -0.8228 0.126017 0.554182 Cross: -0.223016 -0.968485 -0.110888 Dot: 4.17233e-07
X: 0.523519 -0.211448 0.825357 Y: -0.825072 0.115861 0.55302 Cross: -0.212562 -0.970495 -0.113805 Dot: 3.8743e-07
X: 0.524258 -0.208059 0.825749 Y: -0.827233 0.105684 0.551829 Cross: -0.202081 -0.972387 -0.116708 Dot: 2.98023e-07
X: 0.52496 -0.204664 0.826152 Y: -0.829618 0.0937873 0.550397 Cross: -0.190129 -0.974326 -0.120558 Dot: 2.98023e-07
X: 0.52562 -0.201262 0.826567 Y: -0.831856 0.0818683 0.548918 Cross: -0.178146 -0.976108 -0.124389 Dot: 2.68221e-07
X: 0.526239 -0.197853 0.826997 Y: -0.833948 0.0699285 0.547393 Cross: -0.166134 -0.977732 -0.1282 Dot: 2.98023e-07
X: 0.527102 -0.192731 0.827656 Y: -0.835882 0.0579658 0.545839 Cross: -0.153176 -0.979535 -0.130546 Dot: 3.27826e-07
X: 0.528158 -0.185888 0.828548 Y: -0.837888 0.0442653 0.544043 Cross: -0.137807 -0.981571 -0.132374 Dot: 3.27826e-07
X: 0.528872 -0.180746 0.829229 Y: -0.839906 0.0288269 0.541965 Cross: -0.121862 -0.983105 -0.136564 Dot: 2.98023e-07
X: 0.52971 -0.173878 0.830163 Y: -0.842019 0.00992465 0.539355 Cross: -0.102021 -0.984715 -0.141152 Dot: 2.38419e-07
X: 0.530237 -0.16872 0.83089 Y: -0.844054 -0.0124388 0.536112 Cross: -0.0801174 -0.985583 -0.149004 Dot: 2.38419e-07
X: 0.530916 -0.160113 0.832159 Y: -0.845647 -0.0365502 0.532489 Cross: -0.0548426 -0.986419 -0.154804 Dot: 2.08616e-07
X: 0.531286 -0.153222 0.833219 Y: -0.846644 -0.0606664 0.52869 Cross: -0.0304586 -0.986325 -0.161956 Dot: 2.38419e-07
X: 0.531576 -0.142885 0.83487 Y: -0.84699 -0.0830631 0.525078 Cross: -0.005679 -0.986245 -0.165177 Dot: 2.68221e-07
X: 0.531602 -0.135997 0.836002 Y: -0.846715 -0.110596 0.520424 Cross: 0.0216823 -0.984514 -0.173943 Dot: 3.27826e-07
X: 0.531438 -0.12912 0.837196 Y: -0.84576 -0.136353 0.515845 Cross: 0.0475487 -0.982207 -0.181668 Dot: 3.57628e-07
X: 0.531003 -0.120544 0.83875 Y: -0.843973 -0.163756 0.510776 Cross: 0.0757791 -0.979106 -0.18869 Dot: 3.8743e-07
X: 0.530461 -0.113706 0.840047 Y: -0.841244 -0.192754 0.505127 Cross: 0.104487 -0.974634 -0.197903 Dot: 4.17233e-07
X: 0.529529 -0.105196 0.841742 Y: -0.837869 -0.219919 0.499609 Cross: 0.132558 -0.969827 -0.204594 Dot: 4.76837e-07
X: 0.528352 -0.0967288 0.843495 Y: -0.833712 -0.246937 0.493907 Cross: 0.160515 -0.964189 -0.211114 Dot: 5.36442e-07
X: 0.527218 -0.0899951 0.844948 Y: -0.828803 -0.273781 0.487984 Cross: 0.187415 -0.95757 -0.218931 Dot: 5.06639e-07
X: 0.52623 -0.0849801 0.846083 Y: -0.823541 -0.298765 0.482202 Cross: 0.211803 -0.950533 -0.227204 Dot: 5.06639e-07
X: 0.525114 -0.080002 0.847261 Y: -0.818461 -0.320264 0.477024 Cross: 0.233184 -0.943942 -0.233653 Dot: 4.76837e-07
X: 0.523473 -0.0734101 0.848872 Y: -0.811981 -0.344877 0.470899 Cross: 0.258188 -0.93577 -0.240142 Dot: 5.06639e-07
X: 0.522569 -0.0701432 0.849705 Y: -0.805873 -0.366024 0.465397 Cross: 0.278368 -0.927956 -0.247799 Dot: 5.36442e-07
X: 0.521594 -0.0669036 0.850565 Y: -0.799828 -0.385383 0.460167 Cross: 0.297006 -0.920326 -0.254525 Dot: 5.06639e-07
X: 0.520554 -0.0636907 0.851448 Y: -0.793394 -0.404577 0.454798 Cross: 0.31551 -0.912281 -0.261136 Dot: 5.06639e-07
X: 0.519449 -0.0605058 0.852354 Y: -0.787156 -0.42202 0.449758 Cross: 0.332498 -0.904563 -0.266846 Dot: 5.36442e-07
X: 0.518285 -0.057348 0.85328 Y: -0.781202 -0.437746 0.445085 Cross: 0.347996 -0.897265 -0.271678 Dot: 4.76837e-07
X: 0.517068 -0.0542156 0.854224 Y: -0.774343 -0.454894 0.439844 Cross: 0.364735 -0.888891 -0.277193 Dot: 4.76837e-07
X: 0.515791 -0.0511124 0.855186 Y: -0.767828 -0.470342 0.434992 Cross: 0.379996 -0.881001 -0.281844 Dot: 4.76837e-07
X: 0.515127 -0.0495747 0.855677 Y: -0.761063 -0.485647 0.430033 Cross: 0.394238 -0.872746 -0.2879 Dot: 4.47035e-07
X: 0.514438 -0.0480514 0.856178 Y: -0.755472 -0.497787 0.425992 Cross: 0.405724 -0.865965 -0.292382 Dot: 5.06639e-07
X: 0.513729 -0.0465399 0.856687 Y: -0.747527 -0.514321 0.420329 Cross: 0.42105 -0.856332 -0.299012 Dot: 4.76837e-07
X: 0.512257 -0.0435505 0.857725 Y: -0.738507 -0.532145 0.414038 Cross: 0.438403 -0.84553 -0.304757 Dot: 4.76837e-07
X: 0.511491 -0.0420747 0.858256 Y: -0.729146 -0.549737 0.407596 Cross: 0.454666 -0.834275 -0.311864 Dot: 4.76837e-07
X: 0.509901 -0.0391623 0.859339 Y: -0.719426 -0.567091 0.401038 Cross: 0.471618 -0.822721 -0.317335 Dot: 4.76837e-07
X: 0.509077 -0.0377263 0.859892 Y: -0.709373 -0.584198 0.394336 Cross: 0.48747 -0.810731 -0.324164 Dot: 5.06639e-07
X: 0.507372 -0.0348961 0.861018 Y: -0.698972 -0.601051 0.387523 Cross: 0.503993 -0.798446 -0.329348 Dot: 5.06639e-07
X: 0.50561 -0.0321088 0.862162 Y: -0.687317 -0.619014 0.38002 Cross: 0.521489 -0.784721 -0.335048 Dot: 4.76837e-07
X: 0.503786 -0.0293694 0.863327 Y: -0.676208 -0.635314 0.372983 Cross: 0.53753 -0.771693 -0.339922 Dot: 4.76837e-07
X: 0.501907 -0.0266755 0.864508 Y: -0.6638 -0.652661 0.365243 Cross: 0.554488 -0.757178 -0.345282 Dot: 4.47035e-07
X: 0.499968 -0.0240323 0.865708 Y: -0.652005 -0.668377 0.357995 Cross: 0.570016 -0.743432 -0.349836 Dot: 4.76837e-07
X: 0.498972 -0.0227347 0.866317 Y: -0.639906 -0.6838 0.350622 Cross: 0.584417 -0.729313 -0.355746 Dot: 4.47035e-07
X: 0.496929 -0.0201888 0.867554 Y: -0.62749 -0.698925 0.343158 Cross: 0.599428 -0.714907 -0.359985 Dot: 4.47035e-07
X: 0.494834 -0.0176932 0.868805 Y: -0.614763 -0.713745 0.335608 Cross: 0.614168 -0.700179 -0.364063 Dot: 5.06639e-07
X: 0.492687 -0.015249 0.870071 Y: -0.600632 -0.729448 0.32733 Cross: 0.62968 -0.683864 -0.368549 Dot: 4.76837e-07
X: 0.490486 -0.0128618 0.871352 Y: -0.587277 -0.743611 0.319604 Cross: 0.643836 -0.668486 -0.372284 Dot: 5.06639e-07
X: 0.488236 -0.0105283 0.872646 Y: -0.573629 -0.757449 0.311801 Cross: 0.657702 -0.652807 -0.375853 Dot: 5.06639e-07
X: 0.485937 -0.00824947 0.873953 Y: -0.560864 -0.769842 0.304587 Cross: 0.670293 -0.638179 -0.378722 Dot: 5.06639e-07
X: 0.483594 -0.00602176 0.87527 Y: -0.546668 -0.783039 0.296652 Cross: 0.683583 -0.621942 -0.381965 Dot: 5.06639e-07
X: 0.481205 -0.00385074 0.876598 Y: -0.532197 -0.795892 0.288652 Cross: 0.696566 -0.605424 -0.385037 Dot: 5.36442e-07
X: 0.478771 -0.00173739 0.877936 Y: -0.51993 -0.806337 0.281942 Cross: 0.707423 -0.591451 -0.386954 Dot: 5.21541e-07
X: 0.476299 0.000327171 0.879282 Y: -0.506221 -0.817543 0.27452 Cross: 0.71894 -0.575865 -0.389229 Dot: 5.36442e-07
X: 0.473786 0.00233731 0.880635 Y: -0.492294 -0.828447 0.267056 Cross: 0.730184 -0.560059 -0.391356 Dot: 5.36442e-07
X: 0.471234 0.00429227 0.881996 Y: -0.478154 -0.839046 0.259553 Cross: 0.741149 -0.544041 -0.393335 Dot: 5.21541e-07
X: 0.46994 0.0052418 0.882681 Y: -0.465132 -0.848413 0.252676 Cross: 0.750202 -0.529306 -0.396265 Dot: 5.36442e-07
X: 0.467319 0.00708939 0.884059 Y: -0.453266 -0.856622 0.246469 Cross: 0.759051 -0.515893 -0.397102 Dot: 5.51343e-07
X: 0.464666 0.00889015 0.885439 Y: -0.439921 -0.865495 0.239555 Cross: 0.768473 -0.500836 -0.398255 Dot: 5.36442e-07
X: 0.461981 0.0106383 0.886824 Y: -0.426414 -0.874103 0.232622 Cross: 0.77765 -0.485621 -0.399283 Dot: 5.21541e-07
X: 0.460623 0.0114859 0.88752 Y: -0.412763 -0.882445 0.225645 Cross: 0.785779 -0.470273 -0.401733 Dot: 5.36442e-07
X: 0.457877 0.0131274 0.888917 Y: -0.393402 -0.89367 0.215838 Cross: 0.797232 -0.448529 -0.404027 Dot: 5.06639e-07
X: 0.455092 0.014693 0.890321 Y: -0.369531 -0.906582 0.203849 Cross: 0.810144 -0.421772 -0.407148 Dot: 5.36442e-07
X: 0.452261 0.0161651 0.891737 Y: -0.338098 -0.922102 0.188189 Cross: 0.825315 -0.386605 -0.411565 Dot: 5.36442e-07
X: 0.447933 0.0181892 0.89388 Y: -0.317775 -0.93127 0.178191 Cross: 0.835685 -0.363871 -0.411367 Dot: 5.36442e-07
X: 0.442088 0.020729 0.89673 Y: -0.316311 -0.931904 0.177484 Cross: 0.839345 -0.362109 -0.405427 Dot: 5.36442e-07
X: 0.442088 0.020729 0.89673 Y: -0.316311 -0.931904 0.177484 Cross: 0.839345 -0.362109 -0.405427 Dot: 5.36442e-07
X: 0.442088 0.020729 0.89673 Y: -0.316311 -0.931904 0.177484 Cross: 0.839345 -0.362109 -0.405427 Dot: 5.36442e-07
X: 0.442088 0.020729 0.89673 Y: -0.316311 -0.931904 0.177484 Cross: 0.839345 -0.362109 -0.405427 Dot: 5.36442e-07
X: 0.442088 0.020729 0.89673 Y: -0.316311 -0.931904 0.177484 Cross: 0.839345 -0.362109 -0.405427 Dot: 5.36442e-07
X: 0.442088 0.020729 0.89673 Y: -0.316311 -0.931904 0.177484 Cross: 0.839345 -0.362109 -0.405427 Dot: 5.36442e-07
X: 0.442088 0.020729 0.89673 Y: -0.316311 -0.931904 0.177484 Cross: 0.839345 -0.362109 -0.405427 Dot: 5.36442e-07
X: 0.442088 0.020729 0.89673 Y: -0.316311 -0.931904 0.177484 Cross: 0.839345 -0.362109 -0.405427 Dot: 5.36442e-07
X: 0.442088 0.020729 0.89673 Y: -0.316311 -0.931904 0.177484 Cross: 0.839345 -0.362109 -0.405427 Dot: 5.36442e-07
X: 0.442088 0.020729 0.89673 Y: -0.316311 -0.931904 0.177484 Cross: 0.839345 -0.362109 -0.405427 Dot: 5.36442e-07
X: 0.442088 0.020729 0.89673 Y: -0.316311 -0.931904 0.177484 Cross: 0.839345 -0.362109 -0.405427 Dot: 5.36442e-07
X: 0.442088 0.020729 0.89673 Y: -0.316311 -0.931904 0.177484 Cross: 0.839345 -0.362109 -0.405427 Dot: 5.36442e-07
X: 0.442088 0.020729 0.89673 Y: -0.316311 -0.931904 0.177484 Cross: 0.839345 -0.362109 -0.405427 Dot: 5.36442e-07
X: 0.442088 0.020729 0.89673 Y: -0.316311 -0.931904 0.177484 Cross: 0.839345 -0.362109 -0.405427 Dot: 5.36442e-07
X: 0.442088 0.020729 0.89673 Y: -0.316311 -0.931904 0.177484 Cross: 0.839345 -0.362109 -0.405427 Dot: 5.36442e-07
X: 0.442088 0.020729 0.89673 Y: -0.316311 -0.931904 0.177484 Cross: 0.839345 -0.362109 -0.405427 Dot: 5.36442e-07
X: 0.442088 0.020729 0.89673 Y: -0.316311 -0.931904 0.177484 Cross: 0.839345 -0.362109 -0.405427 Dot: 5.36442e-07
X: 0.442088 0.020729 0.89673 Y: -0.316311 -0.931904 0.177484 Cross: 0.839345 -0.362109 -0.405427 Dot: 5.36442e-07
X: 0.442088 0.020729 0.89673 Y: -0.316311 -0.931904 0.177484 Cross: 0.839345 -0.362109 -0.405427 Dot: 5.36442e-07
X: 0.442088 0.020729 0.89673 Y: -0.316311 -0.931904 0.177484 Cross: 0.839345 -0.362109 -0.405427 Dot: 5.36442e-07
X: 0.442088 0.020729 0.89673 Y: -0.316311 -0.931904 0.177484 Cross: 0.839345 -0.362109 -0.405427 Dot: 5.36442e-07
X: 0.442088 0.020729 0.89673 Y: -0.316311 -0.931904 0.177484 Cross: 0.839345 -0.362109 -0.405427 Dot: 5.36442e-07
X: 0.442088 0.020729 0.89673 Y: -0.316311 -0.931904 0.177484 Cross: 0.839345 -0.362109 -0.405427 Dot: 5.36442e-07
X: 0.442088 0.020729 0.89673 Y: -0.316311 -0.931904 0.177484 Cross: 0.839345 -0.362109 -0.405427 Dot: 5.36442e-07
X: 0.442088 0.020729 0.89673 Y: -0.316311 -0.931904 0.177484 Cross: 0.839345 -0.362109 -0.405427 Dot: 5.36442e-07
X: 0.442088 0.020729 0.89673 Y: -0.316311 -0.931904 0.177484 Cross: 0.839345 -0.362109 -0.405427 Dot: 5.36442e-07
X: 0.442088 0.020729 0.89673 Y: -0.316311 -0.931904 0.177484 Cross: 0.839345 -0.362109 -0.405427 Dot: 5.36442e-07
X: 0.440623 0.021361 0.897436 Y: -0.316311 -0.931904 0.177484 Cross: 0.840116 -0.362072 -0.403861 Dot: 5.36442e-07
X: 0.442088 0.020729 0.89673 Y: -0.292752 -0.941651 0.166095 Cross: 0.84785 -0.335948 -0.410225 Dot: 5.36442e-07
X: 0.439126 0.0219016 0.898157 Y: -0.25993 -0.953851 0.150345 Cross: 0.86 -0.299478 -0.413168 Dot: 5.36442e-07
X: 0.436121 0.0229468 0.899593 Y: -0.220581 -0.96645 0.13159 Cross: 0.872432 -0.255822 -0.416428 Dot: 5.21541e-07
X: 0.433073 0.0238396 0.901041 Y: -0.176082 -0.978151 0.110512 Cross: 0.88399 -0.206517 -0.419414 Dot: 5.28991e-07
X: 0.429985 0.0245604 0.9025 Y: -0.129498 -0.987615 0.0885748 Cross: 0.893498 -0.154958 -0.421479 Dot: 5.36442e-07
X: 0.426863 0.0251011 0.903966 Y: -0.0824798 -0.994366 0.0665599 Cross: 0.900544 -0.102971 -0.422388 Dot: 5.40167e-07
X: 0.422142 0.0256399 0.906165 Y: -0.0319573 -0.998557 0.0431423 Cross: 0.905963 -0.0471708 -0.420714 Dot: 5.40167e-07
X: 0.41422 0.0260506 0.909802 Y: 0.0188685 -0.99962 0.0200324 Cross: 0.909978 0.0088688 -0.414555 Dot: 5.40167e-07
X: 0.407857 0.0259881 0.912674 Y: 0.0650281 -0.997882 -0.000644969 Cross: 0.910724 0.0596125 -0.408684 Dot: 5.40225e-07
X: 0.40149 0.0255712 0.915505 Y: 0.115922 -0.992988 -0.0231011 Cross: 0.908495 0.115402 -0.401639 Dot: 5.40167e-07
X: 0.391954 0.0243614 0.91966 Y: 0.166687 -0.984984 -0.0449488 Cross: 0.904755 0.170914 -0.390129 Dot: 5.40167e-07
X: 0.382458 0.0225703 0.923695 Y: 0.210884 -0.975446 -0.0634814 Cross: 0.899583 0.219071 -0.377827 Dot: 5.36442e-07
X: 0.371439 0.0198922 0.928242 Y: 0.259472 -0.962158 -0.0832092 Cross: 0.89146 0.27176 -0.362545 Dot: 5.36442e-07
X: 0.362084 0.0170453 0.931988 Y: 0.30751 -0.946043 -0.102167 Cross: 0.879959 0.323588 -0.347788 Dot: 5.28991e-07
X: 0.352849 0.0136558 0.935579 Y: 0.35636 -0.926496 -0.120876 Cross: 0.865159 0.376054 -0.33178 Dot: 5.1409e-07
X: 0.34377 0.00971709 0.939002 Y: 0.398375 -0.907013 -0.136459 Cross: 0.850361 0.420986 -0.315675 Dot: 5.21541e-07
X: 0.337825 0.00677784 0.941183 Y: 0.441008 -0.88455 -0.151923 Cross: 0.831493 0.466393 -0.301812 Dot: 5.21541e-07
X: 0.329099 0.0018935 0.944292 Y: 0.482688 -0.859819 -0.166499 Cross: 0.811604 0.510593 -0.28388 Dot: 5.21541e-07
X: 0.323425 -0.00167113 0.94625 Y: 0.521869 -0.83385 -0.179845 Cross: 0.789331 0.551986 -0.268816 Dot: 5.21541e-07
X: 0.315142 -0.00745132 0.949013 Y: 0.56264 -0.803821 -0.193148 Cross: 0.764276 0.594822 -0.249125 Dot: 5.21541e-07
X: 0.309798 -0.0116038 0.95073 Y: 0.599409 -0.773807 -0.204763 Cross: 0.738058 0.633311 -0.232769 Dot: 5.21541e-07
X: 0.304638 -0.0160248 0.952331 Y: 0.634852 -0.741951 -0.215565 Cross: 0.710038 0.670259 -0.215853 Dot: 5.21541e-07
X: 0.299674 -0.0207037 0.953815 Y: 0.668883 -0.708329 -0.225527 Cross: 0.680285 0.705575 -0.198419 Dot: 4.91738e-07
X: 0.294917 -0.025629 0.955177 Y: 0.700284 -0.674313 -0.23431 Cross: 0.650094 0.737997 -0.180919 Dot: 5.06639e-07
X: 0.291509 -0.0294927 0.956111 Y: 0.729123 -0.640148 -0.242049 Cross: 0.619191 0.767682 -0.165105 Dot: 5.21541e-07
X: 0.289346 -0.0321723 0.956682 Y: 0.755482 -0.606058 -0.248874 Cross: 0.587811 0.794767 -0.151055 Dot: 5.36442e-07
X: 0.287293 -0.0349463 0.957203 Y: 0.778504 -0.573679 -0.254602 Cross: 0.558024 0.818331 -0.137608 Dot: 5.51343e-07
X: 0.285343 -0.0378026 0.957678 Y: 0.800311 -0.54038 -0.259785 Cross: 0.527331 0.840568 -0.12394 Dot: 5.81145e-07
X: 0.284422 -0.0392697 0.957893 Y: 0.816496 -0.513713 -0.263498 Cross: 0.502429 0.85706 -0.114048 Dot: 5.96046e-07
X: 0.282667 -0.0422611 0.958285 Y: 0.833567 -0.483494 -0.267201 Cross: 0.474617 0.874324 -0.10144 Dot: 5.96046e-07
X: 0.281838 -0.043787 0.95846 Y: 0.848862 -0.454242 -0.270361 Cross: 0.447211 0.889798 -0.0908536 Dot: 5.66244e-07
X: 0.280275 -0.0468927 0.958772 Y: 0.862521 -0.426074 -0.272977 Cross: 0.421308 0.903469 -0.0789719 Dot: 5.96046e-07
X: 0.278803 -0.0500462 0.959042 Y: 0.873975 -0.400686 -0.274982 Cross: 0.398036 0.914844 -0.0679732 Dot: 5.66244e-07
X: 0.278803 -0.0500462 0.959042 Y: 0.884095 -0.376601 -0.276667 Cross: 0.375022 0.92502 -0.0607518 Dot: 5.66244e-07
X: 0.278803 -0.0500462 0.959042 Y: 0.894832 -0.348993 -0.278347 Cross: 0.348629 0.935785 -0.0525174 Dot: 5.36442e-07
X: 0.278194 -0.0516793 0.959132 Y: 0.903094 -0.326028 -0.279507 Cross: 0.327148 0.943943 -0.0440276 Dot: 5.66244e-07
X: 0.277622 -0.0533268 0.959207 Y: 0.910295 -0.30453 -0.280396 Cross: 0.30706 0.951005 -0.0360014 Dot: 5.66244e-07
X: 0.277086 -0.0549865 0.959269 Y: 0.918033 -0.279534 -0.281198 Cross: 0.28361 0.958557 -0.0269755 Dot: 5.36442e-07
X: 0.276591 -0.0566594 0.959314 Y: 0.925608 -0.252663 -0.281795 Cross: 0.25835 0.965891 -0.0174399 Dot: 5.36442e-07
X: 0.276139 -0.0583451 0.959343 Y: 0.931655 -0.228991 -0.282096 Cross: 0.23614 0.971675 -0.00887596 Dot: 5.36442e-07
X: 0.276139 -0.0583451 0.959343 Y: 0.937147 -0.205183 -0.282229 Cross: 0.213307 0.97698 -0.0019811 Dot: 5.36442e-07
X: 0.276139 -0.0583451 0.959343 Y: 0.941745 -0.182965 -0.282201 Cross: 0.191991 0.981383 0.00442243 Dot: 5.06639e-07
X: 0.276139 -0.0583451 0.959343 Y: 0.945858 -0.160653 -0.282028 Cross: 0.170576 0.985282 0.0108237 Dot: 5.06639e-07
X: 0.276139 -0.0583451 0.959343 Y: 0.949223 -0.139983 -0.281739 Cross: 0.15073 0.98843 0.0167276 Dot: 5.36442e-07
X: 0.275876 -0.0600702 0.959312 Y: 0.952182 -0.119255 -0.281292 Cross: 0.1313 0.991041 0.0242983 Dot: 5.06639e-07
X: 0.275876 -0.0600702 0.959312 Y: 0.954916 -0.0967398 -0.280669 Cross: 0.109663 0.993492 0.0306738 Dot: 5.36442e-07
X: 0.275684 -0.061804 0.959257 Y: 0.957169 -0.0741776 -0.279862 Cross: 0.088452 0.995325 0.0387073 Dot: 5.66244e-07
X: 0.275684 -0.061804 0.959257 Y: 0.958811 -0.0533167 -0.27899 Cross: 0.0683872 0.99666 0.0445598 Dot: 5.96046e-07
X: 0.275684 -0.061804 0.959257 Y: 0.960116 -0.0306914 -0.277908 Cross: 0.0466168 0.997613 0.0508779 Dot: 5.96046e-07
X: 0.275765 -0.0600628 0.959345 Y: 0.960872 -0.00978999 -0.276816 Cross: 0.0260183 0.998143 0.0550129 Dot: 5.96046e-07
X: 0.27581 -0.0583206 0.959439 Y: 0.961204 0.0128601 -0.275535 Cross: 0.00373085 0.998212 0.0596049 Dot: 6.25849e-07
X: 0.275816 -0.0565783 0.959542 Y: 0.960996 0.0372473 -0.274037 Cross: -0.0202358 0.9977 0.0646449 Dot: 6.55651e-07
X: 0.275816 -0.0565783 0.959542 Y: 0.960215 0.0616122 -0.272376 Cross: -0.0437089 0.996492 0.071321 Dot: 6.55651e-07
X: 0.275739 -0.054839 0.959665 Y: 0.958729 0.0876788 -0.27046 Cross: -0.0693105 0.994635 0.0767522 Dot: 6.25849e-07
X: 0.275739 -0.054839 0.959665 Y: 0.956251 0.117147 -0.268064 Cross: -0.0977218 0.991596 0.084742 Dot: 6.25849e-07
X: 0.275397 -0.0513773 0.959955 Y: 0.953123 0.144794 -0.265686 Cross: -0.125345 0.988124 0.0888446 Dot: 5.96046e-07
X: 0.274957 -0.0479278 0.960259 Y: 0.949224 0.172332 -0.263196 Cross: -0.152869 0.983869 0.0928783 Dot: 5.96046e-07
X: 0.27469 -0.0462106 0.96042 Y: 0.943939 0.203154 -0.260201 Cross: -0.183089 0.978052 0.0994244 Dot: 5.51343e-07
X: 0.27469 -0.0462106 0.96042 Y: 0.938092 0.23208 -0.257137 Cross: -0.211012 0.971595 0.1071 Dot: 5.51343e-07
X: 0.27469 -0.0462106 0.96042 Y: 0.931419 0.260801 -0.253847 Cross: -0.238748 0.964283 0.114681 Dot: 5.96046e-07
X: 0.273855 -0.0428443 0.960814 Y: 0.922486 0.294301 -0.249807 Cross: -0.272066 0.954749 0.120119 Dot: 5.66244e-07
X: 0.27338 -0.0411779 0.961022 Y: 0.911344 0.330738 -0.245076 Cross: -0.307754 0.942821 0.127944 Dot: 5.51343e-07
X: 0.27338 -0.0411779 0.961022 Y: 0.897052 0.371548 -0.239262 Cross: -0.347214 0.927497 0.138512 Dot: 5.21541e-07
X: 0.27338 -0.0411779 0.961022 Y: 0.87902 0.416413 -0.23221 Cross: -0.39062 0.908239 0.150035 Dot: 5.06639e-07
X: 0.272698 -0.0395927 0.961283 Y: 0.856584 0.464924 -0.223847 Cross: -0.43806 0.884462 0.160698 Dot: 5.21541e-07
X: 0.271933 -0.0380489 0.961562 Y: 0.828214 0.518056 -0.213722 Cross: -0.490011 0.854497 0.172389 Dot: 5.21541e-07
X: 0.272787 -0.0395402 0.961259 Y: 0.790137 0.579242 -0.200399 Cross: -0.548878 0.814193 0.189252 Dot: 5.36442e-07
X: 0.274702 -0.0423821 0.960593 Y: 0.753131 0.630567 -0.187552 Cross: -0.597769 0.774974 0.205137 Dot: 4.91738e-07
X: 0.276787 -0.045087 0.959871 Y: 0.720865 0.670254 -0.176384 Cross: -0.635405 0.740758 0.218019 Dot: 4.91738e-07
X: 0.28011 -0.0489649 0.958716 Y: 0.716421 0.675407 -0.174822 Cross: -0.638964 0.735814 0.224268 Dot: 4.91738e-07
X: 0.28011 -0.0489649 0.958716 Y: 0.716421 0.675407 -0.174822 Cross: -0.638964 0.735814 0.224268 Dot: 4.91738e-07
X: 0.28011 -0.0489649 0.958716 Y: 0.716421 0.675407 -0.174822 Cross: -0.638964 0.735814 0.224268 Dot: 4.91738e-07
X: 0.28011 -0.0489649 0.958716 Y: 0.716421 0.675407 -0.174822 Cross: -0.638964 0.735814 0.224268 Dot: 4.91738e-07
X: 0.28011 -0.0489649 0.958716 Y: 0.716421 0.675407 -0.174822 Cross: -0.638964 0.735814 0.224268 Dot: 4.91738e-07
X: 0.28011 -0.0489649 0.958716 Y: 0.716421 0.675407 -0.174822 Cross: -0.638964 0.735814 0.224268 Dot: 4.91738e-07
X: 0.28011 -0.0489649 0.958716 Y: 0.716421 0.675407 -0.174822 Cross: -0.638964 0.735814 0.224268 Dot: 4.91738e-07
X: 0.28011 -0.0489649 0.958716 Y: 0.716421 0.675407 -0.174822 Cross: -0.638964 0.735814 0.224268 Dot: 4.91738e-07
X: 0.28011 -0.0489649 0.958716 Y: 0.716421 0.675407 -0.174822 Cross: -0.638964 0.735814 0.224268 Dot: 4.91738e-07
X: 0.28011 -0.0489649 0.958716 Y: 0.716421 0.675407 -0.174822 Cross: -0.638964 0.735814 0.224268 Dot: 4.91738e-07
X: 0.28011 -0.0489649 0.958716 Y: 0.716421 0.675407 -0.174822 Cross: -0.638964 0.735814 0.224268 Dot: 4.91738e-07
X: 0.28011 -0.0489649 0.958716 Y: 0.716421 0.675407 -0.174822 Cross: -0.638964 0.735814 0.224268 Dot: 4.91738e-07
X: 0.28011 -0.0489649 0.958716 Y: 0.716421 0.675407 -0.174822 Cross: -0.638964 0.735814 0.224268 Dot: 4.91738e-07
X: 0.28011 -0.0489649 0.958716 Y: 0.716421 0.675407 -0.174822 Cross: -0.638964 0.735814 0.224268 Dot: 4.91738e-07
X: 0.28011 -0.0489649 0.958716 Y: 0.716421 0.675407 -0.174822 Cross: -0.638964 0.735814 0.224268 Dot: 4.91738e-07
X: 0.28011 -0.0489649 0.958716 Y: 0.716421 0.675407 -0.174822 Cross: -0.638964 0.735814 0.224268 Dot: 4.91738e-07
X: 0.28011 -0.0489649 0.958716 Y: 0.716421 0.675407 -0.174822 Cross: -0.638964 0.735814 0.224268 Dot: 4.91738e-07
X: 0.28011 -0.0489649 0.958716 Y: 0.716421 0.675407 -0.174822 Cross: -0.638964 0.735814 0.224268 Dot: 4.91738e-07
X: 0.28011 -0.0489649 0.958716 Y: 0.716421 0.675407 -0.174822 Cross: -0.638964 0.735814 0.224268 Dot: 4.91738e-07
X: 0.28011 -0.0489649 0.958716 Y: 0.716421 0.675407 -0.174822 Cross: -0.638964 0.735814 0.224268 Dot: 4.91738e-07
X: 0.28011 -0.0489649 0.958716 Y: 0.716421 0.675407 -0.174822 Cross: -0.638964 0.735814 0.224268 Dot: 4.91738e-07
X: 0.275642 -0.0438268 0.960259 Y: 0.716421 0.675407 -0.174822 Cross: -0.640904 0.736138 0.217569 Dot: 5.06639e-07
X: 0.27676 -0.0451116 0.959877 Y: 0.715303 0.676691 -0.174439 Cross: -0.641671 0.734881 0.21955 Dot: 4.91738e-07
X: 0.27788 -0.0463941 0.959493 Y: 0.714182 0.677972 -0.174053 Cross: -0.642434 0.733619 0.221529 Dot: 4.91738e-07
X: 0.279001 -0.0476745 0.959105 Y: 0.70287 0.690671 -0.170131 Cross: -0.654315 0.721592 0.226207 Dot: 5.36442e-07
X: 0.282423 -0.051452 0.957907 Y: 0.677291 0.717852 -0.161129 Cross: -0.679345 0.694288 0.237586 Dot: 5.21541e-07
X: 0.284792 -0.0538752 0.957072 Y: 0.639615 0.754338 -0.147864 Cross: -0.71399 0.654268 0.249289 Dot: 5.21541e-07
X: 0.287283 -0.0561587 0.956196 Y: 0.598817 0.789674 -0.133532 Cross: -0.747584 0.610948 0.260489 Dot: 5.36442e-07
X: 0.288587 -0.057225 0.95574 Y: 0.558897 0.820561 -0.119628 Cross: -0.777397 0.568684 0.268786 Dot: 5.21541e-07
X: 0.292654 -0.0602018 0.954319 Y: 0.514715 0.851009 -0.104159 Cross: -0.805864 0.521685 0.280038 Dot: 5.51343e-07
X: 0.296869 -0.0629325 0.95284 Y: 0.466108 0.880431 -0.0870711 Cross: -0.83343 0.469975 0.290706 Dot: 5.36442e-07
X: 0.304131 -0.0670313 0.950267 Y: 0.41751 0.905992 -0.0697144 Cross: -0.856261 0.417948 0.303527 Dot: 5.21541e-07
X: 0.310101 -0.0699475 0.948124 Y: 0.369181 0.927884 -0.0522925 Cross: -0.876091 0.366245 0.313561 Dot: 5.21541e-07
X: 0.319259 -0.0737789 0.944789 Y: 0.319884 0.946839 -0.0341542 Cross: -0.892043 0.313127 0.325887 Dot: 5.17815e-07
X: 0.325478 -0.0759632 0.942491 Y: 0.264967 0.964157 -0.0137933 Cross: -0.907662 0.254218 0.33394 Dot: 5.26197e-07
X: 0.334965 -0.0786211 0.938942 Y: 0.212478 0.977146 0.00601961 Cross: -0.917957 0.197488 0.344015 Dot: 5.15953e-07
X: 0.339767 -0.0796541 0.937128 Y: 0.156149 0.987354 0.0273099 Cross: -0.927453 0.137053 0.347908 Dot: 5.1409e-07
X: 0.346234 -0.0806089 0.934676 Y: 0.0977563 0.993976 0.0495117 Cross: -0.933037 0.0742279 0.352028 Dot: 5.06639e-07
X: 0.352739 -0.0811252 0.932196 Y: 0.0407622 0.99662 0.071308 Cross: -0.93483 0.0128452 0.354853 Dot: 5.21541e-07
X: 0.360883 -0.0812342 0.929064 Y: -0.0178213 0.995415 0.0939587 Cross: -0.932437 -0.0504653 0.357781 Dot: 5.28991e-07
X: 0.367384 -0.0808799 0.926543 Y: -0.0745569 0.990443 0.116021 Cross: -0.927072 -0.111704 0.357843 Dot: 5.51343e-07
X: 0.373847 -0.0800981 0.924023 Y: -0.132459 0.981439 0.138667 Cross: -0.917979 -0.174235 0.356299 Dot: 5.66244e-07
X: 0.378649 -0.0791847 0.922144 Y: -0.189714 0.968536 0.161069 Cross: -0.905884 -0.235932 0.351713 Dot: 5.66244e-07
X: 0.384964 -0.0775357 0.919667 Y: -0.246054 0.951776 0.183239 Cross: -0.889524 -0.296828 0.347321 Dot: 5.51343e-07
X: 0.389616 -0.0759804 0.917835 Y: -0.296734 0.933088 0.203205 Cross: -0.871861 -0.351525 0.341 Dot: 5.51343e-07
X: 0.392657 -0.0747529 0.91664 Y: -0.349323 0.909872 0.223839 Cross: -0.850757 -0.408095 0.331155 Dot: 5.36442e-07
X: 0.397106 -0.0726151 0.914893 Y: -0.399041 0.884044 0.243369 Cross: -0.826478 -0.461723 0.322083 Dot: 5.36442e-07
X: 0.402866 -0.0693899 0.912622 Y: -0.445794 0.855971 0.261874 Cross: -0.79935 -0.512341 0.313908 Dot: 5.21541e-07
X: 0.405654 -0.0676011 0.911521 Y: -0.493675 0.823082 0.280743 Cross: -0.769235 -0.56388 0.300514 Dot: 5.66244e-07
X: 0.406996 -0.0666168 0.910995 Y: -0.540957 0.786044 0.299159 Cross: -0.736011 -0.614566 0.28388 Dot: 5.36442e-07
X: 0.409563 -0.0644712 0.909998 Y: -0.582346 0.749351 0.315187 Cross: -0.702229 -0.659023 0.269362 Dot: 5.36442e-07
X: 0.412012 -0.0621704 0.909053 Y: -0.620558 0.711382 0.329909 Cross: -0.667194 -0.700046 0.254517 Dot: 5.36442e-07
X: 0.416659 -0.0572816 0.907254 Y: -0.653372 0.675033 0.342684 Cross: -0.632055 -0.735557 0.243832 Dot: 5.66244e-07
X: 0.417762 -0.0559978 0.906827 Y: -0.686557 0.634261 0.355454 Cross: -0.59507 -0.771084 0.226525 Dot: 5.06639e-07
X: 0.419837 -0.0533058 0.90603 Y: -0.715711 0.594428 0.36662 Cross: -0.558113 -0.802376 0.211411 Dot: 4.76837e-07
X: 0.421782 -0.0505047 0.905287 Y: -0.745667 0.548701 0.378026 Cross: -0.515824 -0.834487 0.193773 Dot: 4.47035e-07
X: 0.42358 -0.0475915 0.904605 Y: -0.773217 0.501253 0.388429 Cross: -0.471922 -0.863987 0.175522 Dot: 3.8743e-07
X: 0.425225 -0.0445753 0.903987 Y: -0.796778 0.45534 0.397248 Cross: -0.429329 -0.889197 0.158105 Dot: 4.17233e-07
X: 0.426721 -0.0414712 0.903429 Y: -0.82207 0.398599 0.40659 Cross: -0.376968 -0.916183 0.135998 Dot: 3.8743e-07
X: 0.428034 -0.0382728 0.902949 Y: -0.842321 0.345191 0.413926 Cross: -0.327532 -0.937748 0.115516 Dot: 3.57628e-07
X: 0.428605 -0.0366361 0.902746 Y: -0.8607 0.287295 0.420302 Cross: -0.274752 -0.957137 0.0916034 Dot: 3.57628e-07
X: 0.429562 -0.0332948 0.902421 Y: -0.876539 0.224922 0.425541 Cross: -0.217142 -0.973803 0.0674336 Dot: 3.27826e-07
X: 0.431067 -0.0264956 0.901928 Y: -0.888531 0.161597 0.429412 Cross: -0.157127 -0.986497 0.0461172 Dot: 3.27826e-07
X: 0.432422 -0.0178859 0.901491 Y: -0.897968 0.0819453 0.432358 Cross: -0.0816061 -0.996472 0.019374 Dot: 3.57628e-07
X: 0.433253 -0.00745006 0.901239 Y: -0.901265 -0.00697183 0.433208 Cross: 0.00305586 -0.999944 -0.00973504 Dot: 3.57628e-07
X: 0.433231 -0.00221427 0.901278 Y: -0.897935 -0.087146 0.43141 Cross: 0.0775875 -0.996189 -0.0397426 Dot: 3.57628e-07
X: 0.432679 0.00474045 0.901533 Y: -0.889363 -0.161593 0.427688 Cross: 0.147709 -0.986842 -0.0657019 Dot: 2.98023e-07
X: 0.431373 0.013352 0.902072 Y: -0.875881 -0.233428 0.422304 Cross: 0.216208 -0.972278 -0.0889999 Dot: 3.27826e-07
X: 0.430235 0.0184426 0.902526 Y: -0.85604 -0.308986 0.41439 Cross: 0.28651 -0.950883 -0.117149 Dot: 3.57628e-07
X: 0.427719 0.0267399 0.903514 Y: -0.830004 -0.384235 0.404292 Cross: 0.357972 -0.922843 -0.14215 Dot: 4.17233e-07
X: 0.425209 0.0331818 0.904484 Y: -0.80134 -0.450776 0.393257 Cross: 0.420768 -0.892016 -0.165084 Dot: 3.8743e-07
X: 0.423 0.037852 0.905336 Y: -0.782127 -0.489248 0.385889 Cross: 0.45754 -0.871319 -0.177347 Dot: 4.17233e-07
X: 0.422201 0.0393726 0.905644 Y: -0.773185 -0.505883 0.382444 Cross: 0.473208 -0.861699 -0.183142 Dot: 4.17233e-07
X: 0.422201 0.0393726 0.905644 Y: -0.768187 -0.514879 0.380505 Cross: 0.481279 -0.856354 -0.187137 Dot: 4.47035e-07
X: 0.422201 0.0393726 0.905644 Y: -0.768187 -0.514879 0.380505 Cross: 0.481279 -0.856354 -0.187137 Dot: 4.47035e-07
X: 0.422201 0.0393726 0.905644 Y: -0.768187 -0.514879 0.380505 Cross: 0.481279 -0.856354 -0.187137 Dot: 4.47035e-07
X: 0.422201 0.0393726 0.905644 Y: -0.768187 -0.514879 0.380505 Cross: 0.481279 -0.856354 -0.187137 Dot: 4.47035e-07
X: 0.422201 0.0393726 0.905644 Y: -0.768187 -0.514879 0.380505 Cross: 0.481279 -0.856354 -0.187137 Dot: 4.47035e-07
X: 0.422201 0.0393726 0.905644 Y: -0.768187 -0.514879 0.380505 Cross: 0.481279 -0.856354 -0.187137 Dot: 4.47035e-07
X: 0.422201 0.0393726 0.905644 Y: -0.768187 -0.514879 0.380505 Cross: 0.481279 -0.856354 -0.187137 Dot: 4.47035e-07
X: 0.422201 0.0393726 0.905644 Y: -0.768187 -0.514879 0.380505 Cross: 0.481279 -0.856354 -0.187137 Dot: 4.47035e-07
X: 0.422201 0.0393726 0.905644 Y: -0.768187 -0.514879 0.380505 Cross: 0.481279 -0.856354 -0.187137 Dot: 4.47035e-07
X: 0.422201 0.0393726 0.905644 Y: -0.768187 -0.514879 0.380505 Cross: 0.481279 -0.856354 -0.187137 Dot: 4.47035e-07
X: 0.422201 0.0393726 0.905644 Y: -0.768187 -0.514879 0.380505 Cross: 0.481279 -0.856354 -0.187137 Dot: 4.47035e-07
X: 0.422201 0.0393726 0.905644 Y: -0.768187 -0.514879 0.380505 Cross: 0.481279 -0.856354 -0.187137 Dot: 4.47035e-07
X: 0.422201 0.0393726 0.905644 Y: -0.768187 -0.514879 0.380505 Cross: 0.481279 -0.856354 -0.187137 Dot: 4.47035e-07
X: 0.422201 0.0393726 0.905644 Y: -0.768187 -0.514879 0.380505 Cross: 0.481279 -0.856354 -0.187137 Dot: 4.47035e-07
X: 0.422201 0.0393726 0.905644 Y: -0.768187 -0.514879 0.380505 Cross: 0.481279 -0.856354 -0.187137 Dot: 4.47035e-07
X: 0.422201 0.0393726 0.905644 Y: -0.768187 -0.514879 0.380505 Cross: 0.481279 -0.856354 -0.187137 Dot: 4.47035e-07
X: 0.422201 0.0393726 0.905644 Y: -0.768187 -0.514879 0.380505 Cross: 0.481279 -0.856354 -0.187137 Dot: 4.47035e-07
X: 0.422201 0.0393726 0.905644 Y: -0.768187 -0.514879 0.380505 Cross: 0.481279 -0.856354 -0.187137 Dot: 4.47035e-07
X: 0.422201 0.0393726 0.905644 Y: -0.768187 -0.514879 0.380505 Cross: 0.481279 -0.856354 -0.187137 Dot: 4.47035e-07
X: 0.422201 0.0393726 0.905644 Y: -0.768187 -0.514879 0.380505 Cross: 0.481279 -0.856354 -0.187137 Dot: 4.47035e-07
X: 0.422201 0.0393726 0.905644 Y: -0.768187 -0.514879 0.380505 Cross: 0.481279 -0.856354 -0.187137 Dot: 4.47035e-07
X: 0.422201 0.0393726 0.905644 Y: -0.768187 -0.514879 0.380505 Cross: 0.481279 -0.856354 -0.187137 Dot: 4.47035e-07
X: 0.422201 0.0393726 0.905644 Y: -0.768187 -0.514879 0.380505 Cross: 0.481279 -0.856354 -0.187137 Dot: 4.47035e-07
X: 0.422201 0.0393726 0.905644 Y: -0.768187 -0.514879 0.380505 Cross: 0.481279 -0.856354 -0.187137 Dot: 4.47035e-07
